17
4
1012.
.4112
12320
21221
.1111
4
111.1
.2231
21221
12230
02101
4
11011
12230
12212
.2321
1111.
4
.2.11
11411
2114.
04121
10201
4
10111
1223.
12212
.422.
1.111
4
11101
11321
12131
.3221
11110
4
.1111
22121
.3221
12320
10111
4
11020
03311
11231
13211
10111
4
.2.11
11321
12221
21311
.2.20
6
111.201
032223.
2114112
0232131
2131221
1212411
0211.20
6
11.121.
1231122
1223211
1132140
1212312
.32232.
1111.11
6
11.1111
1222221
.24132.
1312122
2113221
.24213.
1101201
6
.21111.
2112312
1231131
1123221
.322311
2222121
0111120
6
1.11120
.422112
1123221
222132.
1213221
0321231
1.21101
6
.210111
121332.
1142112
2211321
0313131
122223.
1021101
6
02.12.1
212223.
0232122
2222121
.32232.
1122321
1111011
7
11.11210
.3223112
11322221
22121321
1132214.
13213121
12131312
01211110
