100

24 10
1 3
16 4
7 10
17 22
11 2
23 8
20 5
21 14
0 15
19 9

19 6
15 3
6 14
9 2
0 18
13 1
17 11

29 12
18 5
20 6
10 25
19 24
0 27
15 23
26 17
14 8
3 28
12 11
4 21
1 22

28 11
22 4
24 15
8 7
3 11
6 27
17 9
25 14
2 1
12 20
19 23
21 18

1 0

24 8
23 6
7 22
21 5
1 2
4 11
8 16
13 20
12 17

10 3
2 7
0 1
4 3

20 8
11 18
1 5
7 19
8 12
0 10
14 3
4 2
17 9

23 4
1 13
16 9
10 18
0 5

28 11
13 15
19 6
21 26
14 17
2 27
9 23
5 10
4 7
12 25
22 24
1 0

6 2
1 5
0 4

15 6
6 3
7 2
4 9
12 8
0 14
5 11

22 7
14 15
17 11
9 19
1 10
12 0
21 16
4 2

18 2
1 17
14 15

1 0

16 2
11 15
12 14

22 6
15 6
19 14
12 0
4 5
1 13
8 17

5 1
3 0

27 8
21 23
16 19
2 11
26 7
12 3
10 18
20 0
6 15

20 9
7 17
2 12
13 18
4 14
8 11
5 19
10 6
16 9
0 1

8 1
0 2

4 1
0 3

4 0

28 12
26 16
15 25
3 0
8 5
6 21
27 24
7 9
23 10
18 14
11 12
19 13
1 17

6 2
1 4
3 2

16 0

2 0

10 2
7 2
5 3

12 2
11 1
0 6

21 4
10 3
19 15
4 13
2 9

12 0

29 11
2 11
6 4
19 7
9 28
27 20
23 21
5 17
26 22
1 16
14 25
24 8

24 11
22 5
7 11
14 16
18 9
20 19
23 15
12 1
2 6
0 4
8 13
21 3

7 1
5 3

1 0

2 0

4 2
0 1
2 3

6 1
0 1

18 8
16 9
17 8
6 4
11 14
12 0
10 15
2 5
3 7

1 0

25 0

19 2
3 17
10 7

11 3
5 9
6 1
3 2

22 9
5 13
18 1
8 20
17 4
3 15
16 14
9 0
10 2
21 11

16 5
11 9
13 6
4 2
3 14
5 15

5 2
4 1
3 0

5 0

4 0

23 8
6 12
16 15
1 13
8 2
0 10
20 14
5 21
9 7

8 1
0 5

21 4
12 9
10 0
8 18
16 17

4 0

16 8
5 0
11 6
15 10
3 1
9 8
7 2
12 14
4 13

25 5
3 18
8 0
21 10
1 11
2 19

11 4
4 5
8 3
2 1
10 7

27 9
0 13
15 6
4 20
5 10
16 24
11 17
8 19
12 7
21 23

18 3
3 15
12 17
4 7

4 0

12 4
1 2
9 0
11 10
4 8

25 10
4 12
8 21
2 23
18 3
20 22
1 9
5 15
19 10
7 11
17 24

14 7
6 4
1 11
9 8
2 0
3 12
10 7
5 13

10 4
3 2
7 6
8 9
5 0

2 1
0 1

25 1
23 19

12 2
5 8
7 11

20 4
15 3
14 2
0 13
11 9

22 8
17 3
6 21
12 13
20 11
2 5
10 15
14 8
16 1

6 0

22 2
2 12
8 19

8 2
7 1
6 5

6 3
2 1
3 4
5 0

23 11
9 11
21 10
14 3
4 18
7 0
1 15
6 8
20 2
12 13
22 17
5 16

5 1
1 3

11 2
2 1
10 3

22 11
5 2
3 6
10 15
17 12
11 16
14 7
1 8
9 13
21 0
20 19
4 18

10 0

12 2
5 2
7 3

29 8
26 13
12 19
9 18
23 14
6 1
21 5
16 10
25 22

28 7
4 14
12 15
0 8
26 11
3 24
13 7
21 9

11 5
1 7
6 3
2 4
5 10
0 8

26 4
13 10
7 3
8 22
14 11

7 3
2 6
3 1
5 4

19 3
16 11
0 1
13 10

11 4
10 8
2 4
6 5
7 9

14 6
6 11
10 12
13 1
9 5
4 3
0 2

28 1
6 25

24 11
16 13
11 10
3 20
21 2
12 23
1 15
7 5
22 9
6 19
8 0
18 17

15 7
10 0
2 11
9 7
5 14
6 1
3 8
13 12

10 3
8 2
4 3
1 0

2 0

9 3
1 7
3 2
6 0

23 7
14 20
10 8
11 0
21 12
17 3
19 5
15 9

17 2
3 7
16 0

28 4
11 24
2 18
9 7
17 6

9 1
0 8

9 2
4 8
0 7

6 1
4 1

29 5
10 9
1 18
27 13
12 23
17 2

29 13
7 10
15 18
4 21
23 3
26 28
2 6
0 22
16 24
13 20
27 12
9 11
8 17
5 1

2 0
