1 1: 1 6
1 2: 1 6
1 3: 1 6
1 4: 1 6
1 5: 1 6
1 6: 1 6
1 7: 1 6
1 8: 1 6
1 9: 1 6
1 10: 1 6
2 1: 1 6
2 2: 1 2 5 6
2 3: 1 2 5 6
2 4: 1 2 5 6
2 5: 1 2 5 6
2 6: 1 2 5 6
2 7: 1 2 5 6
2 8: 1 2 5 6
2 9: 1 2 5 6
2 10: 1 6
3 1: 1 6
3 2: 1 2 5 6
3 3: 1 2 5 6
3 4: 1 2 3 4 5 6
3 5: 1 2 5 6
3 6: 1 2 5 6
3 7: 1 2 5 6
3 8: 1 2 5 6
3 9: 1 2 5 6
3 10: 1 6
4 1: 1 6
4 2: 1 2 5 6
4 3: 1 2 5 6
4 4: 1 2 5 6
4 5: 1 2 5 6
4 6: 1 2 5 6
4 7: 1 2 5 6
4 8: 1 2 5 6
4 9: 1 2 5 6
4 10: 1 6
5 1: 1 6
5 2: 1 6
5 3: 1 6
5 4: 1 6
5 5: 1 6
5 6: 1 6
5 7: 1 6
5 8: 1 6
5 9: 1 6
5 10: 1 6

1 1: 1 6
1 2: 1 6
1 3: 1 6
1 4: 1 6
1 5: 1 6
1 6: 1 6
1 7: 1 6
1 8: 1 6
1 9: 1 6
1 10: 1 6
2 1: 1 6
2 2: 1 2 5 6
2 3: 1 2 5 6
2 4: 1 2 5 6
2 5: 1 2 5 6
2 6: 1 2 5 6
2 7: 1 2 5 6
2 8: 1 2 5 6
2 9: 1 2 5 6
2 10: 1 6
3 1: 1 6
3 2: 1 2 5 6
3 3: 1 2 5 6
3 4: 1 2 3 4 5 6
3 5: 1 2 5 6
3 6: 1 2 5 6
3 7: 1 2 5 6
3 8: 1 2 5 6
3 9: 1 2 5 6
3 10: 1 6
4 1: 1 6
4 2: 1 2 5 6
4 3: 1 2 5 6
4 4: 1 2 5 6
4 5: 1 2 5 6
4 6: 1 2 5 6
4 7: 1 2 5 6
4 8: 1 2 5 6
4 9: 1 2 5 6
4 10: 1 6
5 1: 1 6
5 2: 1 6
5 3: 1 6
5 4: 1 6
5 5: 1 6
5 6: 1 6
5 7: 1 6
5 8: 1 6
5 9: 1 6
5 10: 1 6

1 1: 1 11
1 2: 1 11
1 3: 1 11
1 4: 1 11
1 5: 1 11
2 1: 1 11
2 2: 1 2 10 11
2 3: 1 2 10 11
2 4: 1 2 10 11
2 5: 1 11
3 1: 1 11
3 2: 1 2 10 11
3 3: 1 2 4 5 10 11
3 4: 1 2 10 11
3 5: 1 11
4 1: 1 11
4 2: 1 2 10 11
4 3: 1 2 10 11
4 4: 1 2 10 11
4 5: 1 11
5 1: 1 11
5 2: 1 11
5 3: 1 11
5 4: 1 11
5 5: 1 11
