10 13
51 19 37
54 99 65
11 86 67
98 72 100
28 10 3
47 80 49
88 85 41
98 23 60
73 30 14
96 15 88
7 6 4
4 2 3
9 10 4
9 4 3
9 6 5
5 6 2
4 9 7
6 2 4
9 10 1
4 10 3
9 5 1
10 8 9
6 9 7
3 1
24 62 58
98 85 12
56 76 4
2 1 3
9 10
87 5 71
86 13 36
24 79 100
29 99 49
35 35 68
44 47 36
5 2 18
83 54 83
68 43 61
5 4 2
6 2 5
1 5 3
2 5 9
5 9 3
7 5 6
4 9 5
6 4 7
7 5 3
5 3 8
10 2
90 97 96
50 68 47
8 61 13
66 66 83
47 27 95
36 50 73
86 41 94
26 79 8
58 24 97
5 16 66
8 4 1
2 9 1
9 5
52 99 66
26 27 15
42 35 60
87 49 90
56 36 28
63 67 100
83 42 32
50 35 26
79 88 97
8 4 5
6 8 4
1 9 4
1 4 7
4 2 3
10 1
50 2 39
66 51 87
13 93 14
7 82 44
14 56 87
64 43 33
97 30 73
12 6 99
17 13 25
17 89 87
3 4 5
3 1
39 83 41
6 1 35
3 99 78
3 2 1
10 12
57 58 45
49 68 94
40 23 51
84 86 36
89 33 33
97 68 1
8 91 59
20 95 47
32 37 15
94 85 73
3 1 2
9 8 3
6 9 8
4 9 1
6 1 4
3 10 6
4 6 3
2 8 1
8 2 7
4 6 2
4 9 6
3 4 2
6 7
13 64 43
97 46 37
45 54 38
3 10 76
9 93 2
8 38 52
6 4 1
6 5 1
5 2 1
1 2 3
4 2 3
4 2 6
2 5 3
10 13
43 41 47
44 30 70
98 12 16
54 27 92
72 27 45
87 40 41
95 55 41
19 100 47
11 83 19
5 4 40
9 8 5
4 2 6
5 10 9
6 3 7
3 5 8
2 8 1
5 2 8
7 5 6
8 10 9
4 6 7
7 6 8
8 2 4
10 2 1
5 5
38 9 50
96 81 90
49 43 26
26 68 80
2 57 70
2 1 5
2 3 1
2 4 5
5 3 2
3 1 5
5 5
92 50 35
40 6 85
62 66 42
15 84 14
77 13 92
2 5 4
2 1 5
4 1 5
4 3 1
3 5 1
5 5
93 78 48
37 33 24
80 43 58
1 59 26
24 98 60
5 1 3
4 3 1
3 1 2
1 2 4
5 3 4
5 5
81 36 47
75 76 58
92 76 93
42 45 59
32 6 10
2 3 5
3 4 5
5 1 2
1 3 4
5 3 1
5 3
77 80 78
82 42 67
66 71 17
18 29 87
57 21 73
2 3 4
3 5 4
1 4 3
5 4
81 100 84
14 84 93
51 58 18
77 15 100
71 93 41
3 2 5
4 2 3
4 5 3
3 5 1
5 3
57 15 82
31 52 33
68 23 52
43 81 68
68 88 58
4 1 2
2 4 5
4 5 3
5 5
53 69 91
90 87 39
58 3 6
97 64 82
7 38 67
5 3 1
5 4 1
2 3 1
4 3 2
5 3 2
5 7
43 47 42
60 61 91
26 47 83
52 53 60
90 62 68
2 5 4
5 3 1
3 1 2
4 5 1
4 1 3
2 1 4
2 4 3
5 5
32 61 25
58 15 60
48 31 79
85 91 29
79 29 68
4 1 3
4 2 5
5 4 3
3 2 1
2 1 4
5 5
70 42 16
46 54 30
84 16 44
32 45 69
87 85 33
5 3 1
3 1 2
4 3 1
2 4 3
4 2 1
5 7
91 57 37
34 63 25
49 55 93
64 71 74
96 26 50
5 4 3
1 5 4
1 5 2
1 5 3
3 2 5
2 1 4
4 2 3
5 3
30 53 9
87 82 3
25 34 20
19 29 38
64 28 5
4 3 2
4 1 3
2 1 3
5 5
8 13 17
41 24 52
81 36 41
94 73 92
57 33 100
1 5 3
3 2 5
5 2 1
2 3 1
4 3 1
5 6
70 4 32
24 68 48
71 83 68
58 97 44
99 38 56
2 5 4
1 5 4
4 5 3
2 4 3
5 2 1
5 3 2
5 6
53 64 4
57 74 38
5 18 83
100 5 98
30 5 53
3 2 5
3 4 5
5 2 1
1 5 4
2 3 1
4 3 2
5 6
89 68 62
84 21 99
44 65 74
52 23 88
49 83 34
2 1 4
2 1 5
2 5 4
3 2 4
3 2 1
1 3 5
5 3
94 85 41
69 57 26
54 18 75
28 1 85
53 46 61
2 1 3
2 4 5
5 1 3
5 6
37 60 93
46 15 23
91 98 11
75 11 66
19 82 9
4 5 2
1 5 3
3 4 1
4 1 2
3 4 5
5 1 2
5 6
72 14 16
65 70 68
18 60 42
1 50 69
98 39 59
5 4 1
2 1 3
1 5 3
3 1 4
2 3 4
4 2 5
5 4
92 50 30
71 91 33
72 25 61
44 35 47
54 29 33
1 5 3
3 2 5
1 2 5
2 3 1
5 7
15 40 47
67 67 84
36 99 60
52 26 36
44 63 62
1 2 4
1 4 5
3 1 5
2 3 5
3 4 1
1 2 3
3 4 5
5 4
57 76 45
74 59 15
90 69 59
95 9 100
44 68 41
5 1 2
3 4 2
5 1 4
5 4 2
5 5
19 78 82
62 8 39
86 92 97
11 100 80
69 23 41
5 4 3
2 1 5
3 5 2
1 3 4
2 3 1
5 4
32 88 12
62 24 57
81 41 67
61 6 66
54 65 53
2 5 4
4 1 5
4 3 2
3 5 4
5 7
77 76 86
44 77 65
74 99 23
4 5 82
95 73 13
5 4 3
1 2 3
1 2 4
5 4 2
1 3 5
3 2 4
5 4 1
5 4
48 12 36
29 17 67
91 89 93
88 12 56
64 20 83
4 1 2
4 5 2
2 5 1
3 5 1
5 4
97 13 29
13 48 75
33 79 38
50 83 97
70 93 1
3 2 1
1 3 4
5 1 4
5 3 4
5 4
35 94 4
10 83 8
87 31 43
48 22 14
8 48 37
3 4 1
5 2 3
2 3 1
5 3 4
5 3
38 28 44
44 100 100
76 98 40
15 8 53
33 77 17
1 4 3
2 4 1
4 3 2
5 5
77 62 55
5 18 36
27 83 47
85 62 25
10 42 55
2 4 3
5 1 4
3 2 5
2 5 4
1 5 2
5 6
92 36 24
3 79 50
16 61 65
53 1 100
9 37 79
5 3 1
2 3 1
2 1 5
2 3 5
1 4 5
1 4 3
5 7
77 4 29
53 73 47
54 66 20
2 42 82
99 62 74
5 3 1
5 4 2
2 3 5
4 1 5
4 5 3
2 3 4
3 4 1
5 6
68 80 73
91 89 63
96 62 7
53 82 59
58 61 98
5 2 1
3 5 2
3 2 4
3 1 2
1 5 4
2 1 4
5 5
72 23 47
2 94 81
24 7 68
32 98 36
14 45 3
5 4 3
3 5 1
5 3 2
4 5 1
2 3 1
5 5
70 37 54
65 77 87
25 9 5
56 81 98
1 61 20
3 1 5
4 2 5
3 5 2
4 2 1
2 1 3
5 6
82 47 71
23 10 2
28 44 84
59 72 8
75 75 63
1 2 3
3 1 5
3 4 2
3 2 5
4 3 5
5 4 1
5 6
79 33 70
21 67 55
9 40 82
95 54 92
51 12 34
2 4 1
3 5 2
1 2 3
1 4 5
2 3 4
4 1 3
5 6
86 65 55
54 69 82
37 41 85
55 77 26
18 6 77
3 4 2
2 1 5
2 4 1
4 5 2
1 4 5
5 3 1
5 7
71 9 94
69 100 80
50 62 5
76 65 25
20 4 48
4 2 5
1 2 4
5 3 4
4 3 2
1 2 5
5 1 4
2 3 5
5 6
75 59 85
67 82 4
3 39 90
28 85 25
25 76 36
1 3 2
5 2 3
3 4 2
4 3 5
5 4 2
1 2 4
5 3
99 17 1
28 3 17
4 70 78
74 41 12
82 16 17
5 2 3
2 5 1
4 3 2
5 4
67 18 9
74 29 48
22 92 58
42 83 40
11 73 15
5 3 4
2 3 1
4 1 5
5 2 3
5 4
75 5 11
98 60 1
1 21 8
58 59 28
69 84 57
1 5 3
1 5 4
3 5 4
1 3 4
5 6
70 1 39
61 28 26
28 67 46
59 74 88
23 27 8
4 2 3
5 4 3
4 5 2
1 2 5
5 2 3
1 2 4
5 6
40 83 91
19 77 20
57 91 17
72 54 98
28 90 99
5 4 3
2 3 5
1 5 4
3 4 1
3 2 4
4 2 5
5 5
74 5 31
46 87 62
87 2 56
46 10 32
79 46 3
2 4 5
5 4 1
2 4 1
3 4 2
1 4 3
5 4
30 8 62
8 4 21
5 37 18
53 24 61
79 9 16
4 2 1
4 1 5
1 5 2
2 1 3
5 7
23 32 70
94 40 77
21 51 72
86 89 70
80 73 24
1 3 2
5 4 1
3 5 4
1 5 3
2 1 4
4 5 2
5 2 1
5 4
26 10 47
35 91 46
43 5 19
13 88 57
87 77 40
1 5 4
1 4 2
2 3 4
5 3 2
5 7
75 21 87
32 71 92
10 64 53
6 47 51
69 31 64
2 4 5
4 5 3
1 4 5
4 2 1
3 5 2
4 2 3
1 2 5
5 6
81 9 46
90 11 68
75 63 64
32 36 41
86 58 91
1 3 4
5 1 2
5 4 1
4 5 3
4 5 2
4 1 2
5 6
56 56 31
10 98 60
93 41 35
94 68 94
94 86 56
5 3 1
1 4 3
4 1 2
5 2 3
1 2 3
4 3 2
5 4
58 59 4
50 45 81
61 66 87
34 72 50
6 33 32
3 1 4
5 1 3
5 4 1
4 5 3
5 4
74 64 36
82 58 42
90 71 26
88 82 22
89 76 95
2 5 1
1 4 3
5 2 4
4 3 2
5 7
1 33 25
88 43 29
15 86 56
68 70 12
2 12 81
1 5 2
1 3 5
3 4 2
3 2 1
4 3 1
2 3 5
2 4 1
5 5
29 68 93
44 87 41
78 76 40
95 41 19
27 8 57
3 1 5
3 4 1
1 2 5
3 1 2
5 3 2
5 7
100 55 47
57 18 77
18 71 31
84 66 39
17 80 32
3 4 2
2 1 3
1 4 2
3 1 4
2 5 4
1 5 2
3 5 4
5 7
54 59 82
92 31 68
61 83 72
91 90 20
56 44 5
3 4 1
3 4 2
5 2 4
3 5 1
3 2 1
5 4 1
3 5 4
5 7
46 65 7
54 71 26
2 40 100
63 39 2
40 57 93
2 4 5
1 3 4
4 3 2
2 3 1
2 4 1
5 3 4
3 2 5
5 4
37 8 88
45 12 55
57 53 49
31 55 74
41 65 37
3 4 5
3 4 1
1 5 2
1 3 5
5 7
22 67 65
17 68 68
75 41 24
47 94 57
49 61 38
2 4 3
4 5 2
3 1 2
4 1 3
5 3 4
2 5 3
4 2 1
5 6
63 52 27
77 5 68
85 45 25
72 43 78
50 61 23
4 1 2
1 3 5
4 1 5
3 2 4
2 1 5
4 3 1
5 5
80 30 90
71 81 44
8 76 92
50 91 14
56 77 33
1 2 5
3 4 1
2 4 3
3 1 5
5 3 4
5 4
43 24 89
35 98 24
69 75 16
16 73 5
35 31 72
1 4 5
2 4 3
2 1 4
1 3 2
5 5
33 60 36
46 78 9
100 27 8
94 18 75
6 31 4
3 5 1
2 5 3
1 5 4
3 1 2
2 4 1
5 3
61 44 14
79 94 48
59 56 97
19 18 50
37 52 88
3 1 2
2 4 5
3 1 4
5 6
40 29 56
70 13 4
100 60 47
12 14 87
36 5 80
4 1 5
3 1 5
2 5 4
5 3 4
1 3 2
2 1 5
5 7
54 50 100
14 50 37
88 73 13
49 60 72
89 48 50
2 3 4
2 1 5
1 5 3
2 5 3
4 2 1
2 4 5
5 4 1
5 4
36 70 15
68 88 63
6 96 6
66 51 47
81 53 78
3 2 5
1 3 4
4 2 5
3 5 1
5 6
38 54 98
1 1 84
48 87 99
81 35 97
15 46 71
3 5 4
1 5 3
2 1 4
1 5 4
4 3 1
2 1 3
5 5
69 27 35
44 92 84
7 94 26
2 77 14
17 77 1
2 3 1
3 1 5
1 4 5
5 4 3
1 3 4
5 6
84 62 16
99 27 76
10 80 56
12 45 12
84 87 66
5 2 4
2 4 1
2 3 5
3 4 2
5 3 4
5 1 3
5 7
68 80 20
74 84 18
49 43 95
93 86 61
12 24 2
2 5 4
3 5 2
2 3 4
3 2 1
5 1 2
4 3 5
4 3 1
5 4
98 86 50
73 96 77
61 90 4
30 90 59
37 6 39
3 1 4
1 2 3
2 1 5
5 4 2
5 5
93 7 86
67 64 4
25 31 70
81 97 13
39 19 98
1 2 4
4 1 3
5 3 1
5 4 1
3 4 5
5 7
23 79 75
63 15 55
89 20 84
43 59 58
30 69 12
3 5 2
1 5 4
1 2 3
2 1 4
3 1 5
3 5 4
1 2 5
5 6
97 68 13
44 6 28
14 89 34
59 87 22
65 41 100
5 4 2
4 3 5
4 3 2
4 1 2
5 2 3
1 2 5
5 6
90 20 20
15 37 85
39 30 11
20 32 51
90 42 41
2 5 3
1 5 3
2 5 4
3 4 2
2 4 1
5 1 2
5 7
80 51 2
79 75 74
42 39 43
23 24 47
79 71 15
4 1 5
1 2 5
2 3 4
4 3 1
1 4 2
2 5 3
5 1 3
5 6
28 92 45
26 15 3
43 24 12
62 91 59
15 88 18
4 3 2
1 3 4
2 1 5
3 2 1
5 3 2
5 1 3
5 3
57 83 42
85 90 43
59 35 81
77 72 31
27 41 15
3 2 1
1 5 3
5 4 3
5 7
16 39 44
54 82 43
42 54 10
46 90 46
41 27 55
5 3 1
4 1 5
3 2 5
2 5 1
2 1 4
3 2 4
2 4 5
5 6
3 8 4
21 10 23
91 91 70
29 6 98
4 65 6
2 5 1
2 3 4
5 1 4
4 2 1
4 2 5
4 3 5
5 6
88 38 22
80 70 18
6 60 70
42 13 9
96 18 23
2 4 3
3 4 5
1 5 3
1 4 3
2 1 4
3 2 1
5 3
89 44 47
19 71 91
92 50 98
38 99 10
75 17 68
3 2 5
1 4 3
2 3 4
5 6
73 38 81
41 18 15
3 98 71
97 26 89
16 26 6
2 4 1
1 3 4
1 2 3
2 1 5
5 3 1
2 4 3
5 3
53 80 59
91 68 2
66 74 40
11 58 97
19 71 61
2 1 4
4 2 3
5 1 2
5 3
92 50 34
51 12 72
35 80 65
57 99 40
94 81 66
4 5 3
4 1 2
2 4 5
5 7
29 73 40
77 84 92
30 8 77
9 36 29
34 64 54
3 1 5
2 4 3
5 4 3
4 1 5
2 1 5
1 3 4
2 1 4
5 3
76 34 6
25 57 96
44 82 70
1 30 77
74 15 93
3 4 1
3 2 1
5 3 1
5 3
43 34 82
55 38 58
13 78 53
93 95 88
13 40 79
5 2 1
2 3 5
1 5 3
5 4
4 1 71
6 28 78
50 11 23
83 36 81
77 6 98
2 3 5
4 2 5
3 1 2
4 3 5
5 7
91 95 26
43 97 71
38 35 4
75 44 44
94 51 84
4 5 1
5 1 3
2 1 5
2 1 3
2 5 3
3 4 1
5 3 4
5 3
5 30 31
19 7 53
2 52 63
39 7 68
32 20 63
5 3 1
5 4 3
2 3 1
5 4
55 86 85
63 85 84
28 29 73
65 44 37
75 81 23
2 3 5
3 4 2
3 1 2
1 3 5
5 7
4 9 52
47 18 88
15 94 31
81 50 34
96 46 60
3 1 5
2 5 3
4 1 3
5 1 2
5 3 4
1 5 4
3 1 2
5 6
26 37 37
82 29 85
34 10 62
52 28 43
27 80 52
3 1 2
5 4 1
1 5 2
3 5 2
3 4 1
2 4 1
5 6
68 91 73
87 56 6
47 83 16
31 35 66
98 22 9
3 1 5
1 5 4
3 1 4
3 5 2
3 1 2
1 2 5
5 5
57 35 8
79 69 75
65 98 76
17 13 66
3 89 9
3 2 4
1 4 3
3 5 4
1 4 5
5 3 1
5 5
35 50 50
100 57 89
58 85 67
67 25 15
80 88 92
3 1 4
2 1 5
1 5 4
4 5 2
5 1 3
5 3
30 96 66
27 42 98
100 26 25
32 49 86
17 33 61
2 4 5
4 3 5
4 1 5
5 5
96 5 42
74 68 59
56 78 81
39 55 31
91 34 62
5 4 3
1 4 5
4 3 2
1 4 3
5 3 1
5 5
100 22 88
27 21 20
96 5 20
46 34 9
89 86 80
5 3 2
4 2 3
3 2 1
3 5 4
3 5 1
5 7
50 7 7
5 76 2
99 6 78
4 58 40
74 12 59
1 2 4
3 5 4
2 5 3
3 2 4
1 5 4
1 5 2
5 1 3
5 3
7 18 59
86 22 55
63 69 75
13 45 76
48 92 39
3 1 5
3 2 1
5 1 4
5 4
60 87 100
10 5 64
94 70 100
61 100 61
88 67 69
2 5 1
5 2 3
1 2 4
1 3 2
5 7
16 61 97
1 57 55
73 92 37
68 48 26
99 34 31
5 1 2
3 5 4
5 2 4
1 2 4
3 2 1
3 1 4
5 1 4
5 3
100 47 87
91 4 21
41 3 20
24 99 53
42 63 18
2 3 1
2 1 5
4 1 3
5 7
7 71 7
84 82 74
85 17 63
11 33 66
33 62 52
3 1 2
2 1 5
4 3 2
3 4 1
4 5 2
4 2 1
5 4 1
5 5
86 63 60
31 48 30
63 80 65
15 56 24
7 73 21
2 1 3
2 4 5
3 1 5
1 5 2
2 1 4
5 5
19 62 78
41 66 59
15 85 39
71 30 50
48 29 7
4 1 5
3 5 4
5 1 3
1 3 2
3 5 2
5 5
98 43 89
96 96 53
24 63 55
28 88 99
37 50 77
5 2 1
3 2 5
2 5 4
1 3 5
4 3 5
5 5
33 79 12
6 21 85
71 81 85
1 96 51
24 85 71
3 1 4
2 1 5
4 2 1
4 5 1
3 2 1
5 5
9 74 50
10 6 34
82 47 17
78 72 80
17 26 3
2 5 3
5 1 2
4 5 1
4 5 2
5 3 4
5 7
95 67 16
20 65 85
24 41 39
23 8 95
45 35 50
4 5 1
2 4 1
1 4 3
2 1 3
1 3 5
3 4 5
2 4 3
5 5
76 50 76
60 59 6
45 85 100
9 51 6
46 71 100
5 4 2
5 1 4
5 1 2
2 3 5
5 4 3
5 6
86 52 46
60 88 57
33 85 48
41 21 52
77 91 67
3 5 4
5 3 2
2 5 4
4 3 2
4 1 2
1 5 2
5 6
53 65 3
37 48 73
26 14 97
21 50 44
94 13 16
4 3 5
1 5 4
3 2 4
2 1 4
3 4 1
1 5 2
5 5
39 65 65
39 41 85
12 64 72
21 61 33
3 83 95
1 2 5
3 5 1
5 2 3
1 2 3
4 3 1
5 5
6 44 76
32 4 73
42 39 87
24 49 77
45 9 93
2 3 1
5 2 3
1 3 4
2 4 3
5 1 3
5 5
64 63 50
68 30 68
47 36 53
63 58 80
3 27 41
3 4 2
5 2 3
4 5 3
1 4 2
2 1 3
5 5
37 89 25
77 52 60
49 21 95
7 76 27
78 34 59
4 2 1
2 1 5
5 1 4
3 5 2
2 4 5
5 6
39 73 96
28 47 53
57 54 25
40 80 60
28 47 97
5 3 2
5 4 2
3 4 1
1 4 2
1 5 2
4 2 3
5 3
71 77 40
76 17 76
70 73 1
94 81 69
81 7 59
1 2 4
4 1 3
3 4 2
5 7
25 84 16
49 82 76
53 41 38
82 23 9
53 40 46
5 2 3
2 4 3
2 1 3
4 5 2
2 1 5
2 1 4
1 3 5
5 7
81 62 36
56 34 90
39 93 22
81 10 37
9 91 85
1 3 5
4 3 5
5 1 4
1 4 3
1 2 4
2 5 1
4 2 5
5 4
88 60 6
87 65 41
93 69 37
81 28 9
87 84 100
4 3 1
1 2 4
5 4 3
2 3 4
5 3
48 52 12
70 77 88
90 38 82
4 58 17
74 78 37
4 1 3
3 2 1
4 5 2
5 3
54 11 31
45 97 56
62 12 55
46 24 93
86 75 52
5 1 2
4 5 1
4 3 5
5 3
71 12 36
34 3 36
24 47 66
91 85 34
68 45 15
2 3 1
5 3 4
5 3 1
5 5
73 31 88
96 51 84
60 29 22
82 47 11
87 58 72
3 5 4
4 1 5
2 1 5
1 3 4
2 4 5
5 4
54 28 45
70 44 78
20 91 68
26 16 15
29 17 81
1 4 3
3 2 1
3 5 2
2 4 3
5 4
25 52 31
28 41 70
66 56 89
78 81 98
85 80 85
1 3 2
5 3 1
4 3 5
5 1 2
5 7
28 67 86
1 100 36
54 24 2
5 86 36
68 83 92
3 1 5
3 4 1
3 4 5
1 4 5
4 2 3
4 1 2
5 1 2
5 7
76 69 14
30 86 23
92 29 15
56 69 12
10 7 74
5 2 4
1 3 2
2 3 5
3 4 5
5 1 2
5 1 3
4 2 3
5 3
33 48 25
27 25 63
28 84 51
69 70 91
24 68 57
4 5 1
2 4 5
3 1 4
5 3
43 75 98
71 12 13
61 87 45
79 57 59
43 87 59
3 2 5
4 2 1
4 5 1
5 3
16 38 81
48 61 83
53 89 10
41 17 47
94 79 44
2 3 1
1 5 4
4 1 3
5 3
78 16 35
64 73 42
51 10 10
45 50 4
45 23 97
2 3 5
1 3 2
2 5 4
5 6
73 18 29
87 65 29
60 37 98
47 67 66
86 50 93
5 4 1
5 3 4
2 1 4
1 3 4
4 2 5
5 1 2
5 3
32 96 32
1 13 94
26 84 7
20 24 65
99 8 46
4 2 5
1 3 5
1 4 2
5 5
22 27 43
56 14 81
66 40 86
14 53 32
21 86 38
4 5 3
5 1 4
5 2 1
1 3 5
1 4 3
5 4
64 89 22
100 14 83
47 48 19
87 33 9
49 75 1
4 5 2
3 2 1
2 1 5
1 3 5
5 6
57 42 51
10 64 49
74 5 10
18 32 60
94 39 28
5 4 3
5 4 1
5 2 3
2 5 4
1 5 3
3 2 4
5 3
27 19 9
46 24 28
80 8 35
28 35 93
28 97 45
5 1 4
5 4 3
3 4 2
5 6
35 32 39
35 55 90
20 19 6
64 14 92
51 56 38
4 1 5
1 2 3
3 1 4
2 5 1
5 1 3
4 1 2
5 4
79 4 91
32 16 46
27 93 28
52 12 77
17 90 91
5 2 4
4 3 1
5 4 3
1 4 5
5 4
87 49 87
38 69 87
34 10 74
78 92 78
10 14 80
4 2 1
1 5 2
3 4 2
3 5 4
5 3
9 74 75
2 46 72
100 23 15
25 40 45
53 86 20
3 1 2
4 1 2
5 4 1
5 5
14 76 45
72 92 18
36 14 27
4 13 67
50 69 59
3 1 4
4 5 1
2 1 4
2 5 1
4 2 5
5 6
52 39 91
98 35 61
30 79 32
19 97 100
60 46 15
3 2 1
1 4 2
5 1 3
1 5 2
5 3 2
1 4 3
5 6
46 72 69
52 37 96
33 40 77
63 71 86
74 53 24
3 2 1
2 1 4
1 5 4
5 2 3
5 2 1
1 4 3
5 5
15 32 100
51 77 38
96 55 66
95 38 81
58 14 21
5 4 1
5 2 3
5 3 4
3 1 4
1 4 2
5 7
39 94 55
49 57 60
68 67 15
100 59 86
43 76 49
1 2 4
2 5 1
3 1 4
3 2 5
4 2 3
1 3 5
3 2 1
5 6
97 74 26
26 37 77
18 78 66
41 31 73
27 95 64
5 4 3
1 3 4
1 3 2
1 5 3
5 1 4
2 4 1
5 4
95 96 85
59 27 26
41 26 59
35 40 13
54 53 71
1 3 4
3 5 1
4 2 1
3 2 4
5 7
60 43 53
42 3 28
44 100 73
28 52 86
82 21 61
2 1 5
2 4 1
4 1 3
5 4 3
2 4 3
5 1 4
3 5 1
5 4
7 72 48
41 7 46
1 48 44
73 44 61
87 73 90
3 1 2
1 4 3
4 3 2
5 1 4
5 5
79 11 43
49 78 56
7 13 52
23 42 92
78 69 43
1 4 3
1 3 5
5 1 2
2 3 5
2 1 3
5 4
78 75 12
75 36 20
9 3 22
6 70 18
84 100 24
4 1 5
3 4 2
3 5 2
5 1 2
5 6
5 96 11
96 19 70
53 14 85
96 90 18
22 40 21
4 2 3
5 2 1
5 1 4
1 2 4
1 3 2
3 4 1
5 7
34 75 2
43 83 23
90 23 33
14 99 12
67 75 92
2 5 3
4 1 2
3 5 1
2 4 5
3 4 5
1 3 4
5 2 1
5 6
7 19 52
10 76 13
55 42 27
12 76 45
33 68 97
3 2 5
2 1 3
5 1 2
5 1 4
2 4 5
1 2 4
5 4
30 86 86
55 42 95
84 37 8
23 48 76
27 22 44
1 2 3
3 5 1
2 4 3
2 4 1
5 4
24 65 96
39 58 47
39 21 91
11 90 33
33 49 1
2 5 4
1 4 3
1 2 4
1 5 2
5 3
20 59 77
51 64 41
8 16 53
19 70 18
83 21 92
4 3 5
3 2 5
5 1 3
5 7
66 86 19
7 20 73
83 100 78
62 78 53
50 87 7
2 5 1
2 5 3
1 4 5
3 2 4
4 2 1
1 3 4
2 5 4
5 5
5 78 84
94 56 56
56 88 7
58 82 23
15 51 70
5 2 4
5 3 4
3 2 5
1 3 4
3 1 5
5 3
60 85 65
29 4 67
67 71 34
17 66 19
13 50 8
4 5 2
3 4 2
5 2 3
5 7
26 66 97
20 76 56
72 92 49
24 16 25
44 80 57
3 2 5
4 1 3
3 1 2
3 4 2
1 4 5
4 2 1
4 3 5
5 6
60 52 1
12 41 24
82 15 4
89 49 27
95 69 80
5 2 1
4 3 1
1 4 2
1 5 4
2 4 5
3 4 5
5 3
35 68 39
75 86 88
96 85 29
26 7 34
94 12 65
3 1 2
2 3 5
3 1 4
5 7
48 57 54
30 10 26
98 90 37
96 23 83
17 20 96
3 1 4
5 4 1
5 1 2
1 5 3
5 2 4
3 1 2
4 2 3
5 3
54 5 34
23 66 42
21 32 59
92 41 28
20 47 63
4 1 2
5 4 3
1 3 4
5 3
7 6 82
84 85 7
77 51 44
10 66 53
86 63 58
3 2 1
3 5 1
2 5 1
5 3
26 74 18
46 88 25
91 26 89
50 76 74
32 72 16
5 3 4
2 3 4
2 5 1
5 5
28 37 61
87 22 4
66 83 87
38 88 42
30 81 27
4 5 3
1 3 2
3 1 4
2 5 4
5 1 4
5 4
93 91 16
31 38 51
17 60 14
67 95 25
54 81 24
3 1 4
4 2 1
3 4 5
4 2 5
5 6
73 33 65
17 60 32
59 53 77
91 9 96
33 36 48
3 5 1
3 1 4
1 5 4
5 3 4
5 2 1
2 3 1
5 4
48 34 39
22 63 74
20 71 51
47 100 55
84 45 13
1 5 4
5 1 3
5 4 2
3 2 4
5 3
22 13 46
54 22 26
7 28 60
75 14 69
36 9 17
2 1 4
1 4 5
3 4 1
5 7
98 71 16
95 28 67
33 94 40
41 37 100
18 7 43
5 1 4
1 2 5
4 1 3
4 2 1
5 2 4
4 3 5
5 1 3
5 3
72 8 73
92 14 34
30 51 48
94 41 23
43 79 76
2 1 5
5 1 3
1 2 4
5 3
28 65 46
24 66 90
75 11 50
35 51 31
21 89 57
2 5 1
3 5 1
1 2 4
5 5
72 39 51
23 46 60
100 44 89
77 54 40
5 2 58
1 5 3
1 3 4
2 4 1
1 4 5
2 3 5
5 3
79 45 81
70 57 43
87 62 83
15 66 72
85 79 46
1 3 4
4 1 5
5 3 1
5 5
3 8 54
32 10 78
41 65 27
73 55 41
69 1 90
3 5 4
3 4 2
2 4 5
4 5 1
4 1 3
5 4
71 39 82
100 22 37
100 43 37
21 71 30
46 80 97
5 3 1
1 5 2
4 3 5
4 5 1
5 4
20 37 70
36 25 50
21 11 14
37 11 10
15 1 61
1 4 2
5 4 2
2 4 3
4 3 5
5 7
39 14 44
64 16 40
52 29 19
69 7 72
71 16 76
5 3 1
2 3 1
2 1 5
5 4 2
2 3 5
5 4 1
4 1 2
5 7
97 62 32
34 3 71
46 30 64
61 98 25
89 96 32
1 3 4
1 3 2
3 5 4
1 3 5
5 4 1
4 1 2
4 3 2
5 6
42 61 98
65 55 13
47 91 76
94 49 67
61 63 89
2 3 4
3 4 5
3 5 1
1 2 3
5 2 3
1 5 2
5 6
72 46 39
38 85 51
41 59 92
47 34 95
67 53 75
2 3 5
5 1 2
5 4 3
5 4 2
4 1 5
4 2 1
5 3
41 71 59
30 8 73
18 3 39
78 4 67
61 58 44
5 4 3
4 2 5
4 1 2
5 7
1 78 68
10 82 13
76 71 88
62 99 48
15 57 83
1 3 5
4 1 3
2 1 5
3 4 2
3 2 1
3 2 5
2 4 1
5 3
10 93 71
92 1 95
53 82 44
85 96 87
94 7 37
1 5 4
1 5 3
1 2 5
5 7
7 5 79
74 30 100
55 73 26
57 48 43
100 41 24
5 1 2
4 2 5
1 3 4
5 2 3
5 3 4
2 1 4
1 4 5
5 4
36 52 31
27 86 100
6 40 61
22 99 19
50 49 20
1 5 4
2 4 3
1 2 3
1 4 3
5 6
70 68 13
50 92 59
98 2 18
23 48 89
69 39 12
1 4 5
4 2 3
5 3 4
1 2 3
3 1 5
1 4 3
5 5
61 29 78
28 32 97
87 27 16
51 82 10
88 63 50
3 2 1
3 4 5
1 5 4
1 3 5
1 3 4
5 3
80 35 84
98 55 52
61 42 25
60 23 78
23 16 25
1 4 2
5 1 2
1 3 2
5 7
64 48 19
52 16 98
90 77 91
61 80 2
81 64 86
4 5 2
1 3 5
4 1 5
4 2 3
3 2 1
1 2 5
4 1 2
5 7
85 4 20
59 100 89
52 81 75
26 25 44
69 57 43
1 2 4
1 5 2
1 4 3
5 2 3
1 5 4
2 3 4
3 5 4
5 5
45 93 78
30 47 67
75 69 78
75 37 57
2 96 22
4 2 1
5 1 4
2 3 1
4 3 1
5 4 3
5 3
59 31 14
32 37 35
76 22 89
97 10 12
38 12 79
5 1 3
3 2 5
1 3 2
5 5
91 23 35
93 41 1
46 12 70
94 63 49
82 35 35
4 1 2
2 3 4
1 4 5
1 5 3
2 1 3
5 6
7 94 15
65 4 33
40 52 70
8 30 11
79 93 84
1 3 5
1 2 3
2 3 5
1 4 3
1 5 2
2 1 4
5 3
42 24 11
19 72 45
67 10 79
22 27 53
100 97 10
4 2 5
5 4 1
1 2 5
5 5
20 10 47
46 59 24
38 88 60
82 82 92
62 11 55
5 4 1
3 1 4
3 5 4
2 1 3
2 1 5
5 6
16 85 37
61 51 67
38 98 44
57 70 68
40 39 39
1 2 5
2 4 5
4 3 2
5 3 4
3 5 1
1 4 5
5 3
84 13 24
57 94 16
8 35 28
97 62 54
18 80 28
3 2 5
4 1 3
4 5 2
5 3
73 54 29
60 22 19
85 35 7
6 81 40
72 35 78
4 5 1
3 1 4
3 2 4
5 6
49 74 96
19 90 17
42 34 31
51 69 19
33 7 66
3 2 4
1 2 5
1 3 2
1 4 2
3 1 4
5 3 1
5 7
100 15 62
68 97 62
93 9 14
69 43 49
64 95 13
5 3 1
5 1 4
4 3 1
1 2 4
2 4 5
5 2 1
3 4 5
5 6
67 4 18
57 88 4
94 54 35
55 91 60
60 75 6
2 1 3
4 1 3
1 5 2
4 1 2
3 2 4
1 5 3
5 7
38 35 37
95 41 43
95 44 79
22 76 100
60 40 77
3 2 5
2 3 4
4 1 5
5 3 4
2 4 1
1 2 3
5 1 2
5 3
34 32 92
41 24 70
32 77 34
40 31 6
93 50 50
3 2 5
5 4 2
3 5 4
5 5
52 74 16
45 72 69
34 17 64
80 80 38
84 13 47
3 1 5
4 3 1
3 2 4
4 5 2
2 4 1
5 6
91 74 10
55 23 96
43 67 44
84 35 95
23 84 60
3 5 2
4 3 2
4 5 1
5 4 3
1 2 3
1 4 3
5 7
55 27 64
64 53 59
85 27 31
4 27 74
57 8 53
2 1 5
3 2 1
2 4 5
4 2 1
1 5 4
3 2 4
5 3 4
5 6
69 89 86
100 85 30
36 11 28
27 74 51
27 39 50
2 3 4
5 2 4
3 4 5
1 2 5
5 1 4
1 3 5
5 3
81 33 65
67 22 60
64 8 22
85 16 11
49 97 74
5 3 1
2 1 3
1 5 4
5 3
79 64 96
60 65 68
59 70 60
64 35 11
23 63 37
3 1 4
2 5 3
5 1 3
5 7
34 65 79
33 100 27
58 92 80
51 89 79
95 13 53
4 5 3
5 4 2
2 5 1
3 1 4
4 1 2
2 5 3
3 2 4
5 6
81 14 50
67 65 90
21 73 69
90 21 72
86 21 85
2 5 1
2 4 5
1 3 5
1 2 4
3 1 2
3 5 2
5 3
40 16 66
9 72 31
68 15 43
4 9 26
44 18 66
4 1 2
4 3 2
5 2 3
5 7
82 64 68
65 4 88
27 85 61
30 5 92
35 6 48
4 2 5
1 3 2
5 2 3
2 4 1
4 3 2
4 3 1
3 4 5
5 3
11 86 85
33 53 47
69 76 9
58 95 85
83 8 15
3 2 4
5 3 4
3 2 1
5 7
75 41 75
12 88 50
6 22 3
59 40 98
84 95 90
1 4 2
2 1 3
4 3 2
1 5 3
4 5 1
1 5 2
2 5 4
5 7
44 94 6
7 3 99
40 67 33
27 100 54
41 44 7
2 4 1
5 1 4
5 4 2
5 3 1
1 5 2
3 2 5
3 1 4
5 4
40 28 31
30 61 31
6 49 49
57 93 17
67 90 6
2 5 1
1 4 2
1 5 4
4 2 5
5 7
60 6 69
56 55 11
16 16 32
1 8 55
73 94 32
1 2 5
2 5 4
5 2 3
5 4 1
3 4 5
3 1 2
1 2 4
5 5
17 1 40
52 52 35
16 38 52
71 81 19
22 8 26
1 5 2
3 5 4
5 1 3
2 3 5
5 2 4
5 7
57 98 13
64 58 64
81 91 55
65 25 53
68 34 53
4 1 3
4 5 1
5 3 1
1 2 3
5 2 4
4 3 5
2 3 4
5 6
45 46 94
97 18 1
13 23 85
41 15 72
96 23 4
3 2 5
1 3 2
1 2 4
1 3 5
5 1 2
1 3 4
5 6
49 73 67
89 32 83
53 64 8
94 56 71
83 11 23
1 2 3
2 5 3
2 5 4
1 3 4
4 5 3
2 4 1
5 6
89 20 28
83 27 24
8 93 89
18 45 14
97 59 70
2 5 4
2 3 5
4 3 2
1 4 2
5 4 3
5 1 2
5 6
66 31 80
52 63 85
23 5 65
40 19 94
2 29 21
5 3 4
5 3 2
1 5 3
1 4 3
2 4 3
1 2 3
5 3
73 58 62
68 80 1
81 30 52
76 58 75
65 96 79
5 4 2
2 3 5
3 5 1
5 7
28 6 9
94 46 71
100 81 15
37 33 14
12 92 41
4 3 1
3 2 1
5 3 4
1 5 4
3 5 1
2 5 3
2 5 1
5 6
74 4 84
22 49 57
9 41 27
57 39 76
60 6 2
1 2 4
1 4 3
4 2 3
3 2 5
5 1 3
5 1 4
5 7
5 49 80
38 70 42
78 40 87
100 4 85
88 44 19
2 4 3
3 5 4
1 5 4
5 2 1
2 5 3
2 1 3
1 3 4
5 6
76 53 23
13 82 9
48 20 74
88 10 56
36 10 26
5 3 4
1 5 3
1 2 3
1 4 5
5 2 3
4 1 3
5 6
86 48 74
81 7 82
35 22 39
31 30 51
67 86 52
5 2 3
5 2 1
3 5 4
2 4 5
1 2 3
4 3 2
5 3
90 45 68
37 4 42
51 53 80
85 26 26
59 37 92
3 5 1
5 1 2
1 5 4
5 3
90 81 53
68 43 26
51 49 9
7 1 47
70 21 80
2 5 3
4 3 2
5 1 2
5 6
27 61 1
40 8 8
57 7 34
33 22 81
47 48 10
3 5 1
2 1 4
4 5 3
4 5 1
3 4 2
5 3 2
5 4
38 5 95
27 82 27
49 82 81
46 51 68
31 55 84
4 1 2
1 3 2
3 2 5
3 1 5
5 3
85 13 74
3 74 70
38 51 12
100 5 79
42 2 24
2 4 1
4 5 2
3 5 1
5 4
61 70 44
2 81 90
68 55 25
30 76 75
98 38 72
2 3 5
5 4 2
3 5 4
5 3 1
5 5
30 69 58
6 71 60
51 73 51
78 23 52
78 60 91
3 1 5
4 1 3
3 4 5
1 4 2
4 5 1
5 5
62 28 87
99 67 79
41 39 21
94 10 93
93 97 63
4 3 2
4 1 2
1 3 4
5 1 3
5 2 3
5 3
72 38 43
98 66 9
50 54 47
69 87 69
90 79 69
3 1 4
3 4 5
3 2 5
5 7
47 32 14
23 29 51
35 4 90
35 81 67
73 11 86
3 1 5
4 3 5
2 4 1
3 2 1
4 5 1
3 1 4
4 2 3
5 5
8 18 96
62 89 91
61 26 95
56 31 76
20 18 27
3 2 1
3 1 5
5 2 3
3 4 5
2 5 1
5 5
52 23 66
63 76 16
37 46 85
94 91 3
49 69 91
3 5 1
2 1 5
1 4 5
1 2 4
3 2 1
5 3
26 19 25
82 73 83
78 22 53
60 22 99
41 49 44
3 5 1
5 2 3
3 1 2
5 7
36 95 21
57 91 97
13 26 43
9 53 63
28 71 37
5 2 1
5 2 3
1 4 5
5 2 4
4 3 2
4 5 3
3 1 5
5 7
57 51 6
1 2 44
74 81 44
41 97 44
64 95 76
1 3 5
3 5 2
2 1 5
2 1 3
4 5 2
1 2 4
5 3 4
5 7
38 92 55
43 17 96
3 77 46
19 69 1
78 27 57
2 4 1
5 4 1
5 4 2
3 1 2
2 4 3
4 1 3
5 1 2
5 4
77 45 58
27 40 35
19 96 64
11 47 55
75 33 69
3 2 4
4 3 1
5 2 4
3 5 4
5 5
71 75 79
24 84 96
84 14 31
98 77 20
67 82 57
5 2 3
1 5 4
5 1 3
3 5 4
3 2 1
5 4
74 50 14
39 64 31
16 83 60
99 79 39
25 22 56
4 3 5
2 1 3
1 4 2
2 5 3
5 7
85 48 77
12 83 27
56 50 38
61 92 50
89 82 7
4 3 2
1 4 5
1 3 4
4 2 1
3 5 2
1 3 2
5 1 3
5 6
45 9 89
92 35 98
4 49 77
57 14 14
79 97 18
4 3 2
1 3 2
4 1 3
3 5 4
4 5 2
1 2 4
5 4
86 81 40
78 84 67
47 35 91
39 88 51
85 20 27
1 5 2
3 2 5
4 5 2
4 5 1
5 6
85 67 53
16 38 25
87 99 30
18 85 35
25 1 91
3 5 2
4 5 2
3 1 5
2 5 1
4 3 5
2 3 1
5 4
69 33 23
23 81 45
98 96 75
4 95 85
5 19 16
4 5 3
5 1 4
5 1 3
4 2 5
5 3
56 84 38
35 22 74
84 32 61
59 26 94
34 97 41
5 2 3
5 1 3
5 1 4
5 3
54 21 85
95 65 50
56 17 19
52 99 76
92 19 72
5 3 1
4 5 1
4 2 3
5 6
17 52 3
25 76 6
66 27 6
28 21 67
94 45 30
4 3 1
5 4 1
3 5 4
1 3 5
5 4 2
1 5 2
5 6
82 19 63
16 45 47
82 20 15
33 73 19
35 43 90
3 1 4
3 1 2
1 2 5
1 4 2
1 4 5
4 3 2
5 3
15 77 92
42 47 79
26 54 67
8 75 53
58 71 91
1 5 2
1 3 2
3 4 2
5 3
98 77 79
87 64 66
40 70 70
34 24 9
16 72 44
2 3 1
5 2 1
4 1 2
5 3
12 81 36
81 13 98
75 44 6
65 85 50
99 82 97
4 2 5
1 4 3
2 4 1
5 6
70 42 85
69 64 21
60 82 48
42 60 43
88 65 54
1 5 2
4 3 2
3 5 2
1 4 3
3 5 4
4 2 5
5 4
79 83 13
41 27 46
94 79 43
39 95 55
33 26 38
3 1 2
5 2 3
5 1 3
4 2 5
5 7
43 49 86
71 46 17
89 20 50
72 35 31
98 96 5
1 4 5
4 1 2
5 3 4
4 2 5
5 2 3
5 1 3
3 1 4
5 7
51 41 15
75 47 19
17 20 86
22 53 58
61 44 60
2 4 5
3 4 5
1 2 4
3 1 5
1 5 2
4 1 3
1 5 4
5 5
9 37 21
58 33 72
87 76 59
51 16 23
26 90 86
2 4 3
1 2 5
3 2 1
2 1 4
3 1 5
5 7
42 79 42
93 62 36
87 69 8
27 50 41
32 63 75
3 2 5
5 2 1
3 1 5
2 5 4
3 1 4
2 4 3
2 1 3
5 5
24 95 70
77 50 1
17 28 47
10 27 17
75 95 39
1 4 3
2 1 4
4 2 5
1 3 5
1 4 5
5 3
41 37 38
82 37 23
31 34 30
42 4 11
12 52 22
2 4 3
1 3 5
5 2 3
5 6
40 35 83
10 68 41
51 17 1
4 98 59
14 4 49
2 3 4
2 5 1
2 1 4
5 3 1
2 3 1
4 2 5
5 4
44 87 96
50 60 41
85 98 14
43 86 76
2 91 26
4 3 2
2 5 4
1 3 2
3 2 5
5 7
23 63 94
41 79 26
91 20 47
93 1 32
79 49 40
4 3 1
2 5 3
4 1 2
5 1 3
5 3 4
4 2 5
2 4 3
5 5
70 37 8
33 80 100
85 23 86
18 66 29
62 14 51
1 5 2
2 5 4
1 3 2
3 1 5
1 4 2
5 6
19 36 82
43 14 8
79 18 49
29 98 75
43 81 59
4 2 5
1 4 2
1 2 3
5 4 3
5 4 1
2 3 5
5 7
70 7 16
25 88 12
49 29 34
96 91 84
57 67 60
2 1 4
2 4 3
3 1 2
3 5 4
3 1 4
5 2 3
2 4 5
5 6
72 93 72
16 58 54
69 50 16
28 81 81
76 31 84
4 5 1
4 1 3
5 4 2
3 2 5
1 3 2
4 1 2
5 7
22 3 96
58 28 43
97 4 90
37 96 89
69 93 16
1 3 5
4 3 5
5 2 3
4 3 1
4 5 1
1 5 2
3 1 2
5 3
22 78 45
79 47 59
26 25 53
88 70 32
100 82 47
1 5 3
2 5 3
1 3 4
5 6
72 39 39
44 90 100
14 7 91
38 60 84
21 40 48
4 5 1
3 4 5
4 3 2
5 2 4
2 4 1
5 1 3
5 5
90 23 2
9 7 45
50 96 17
98 12 23
66 16 31
2 4 3
2 3 5
4 3 1
5 4 2
2 1 3
5 4
60 22 29
31 79 11
41 32 8
33 60 87
23 79 3
4 5 1
2 3 5
2 1 3
1 2 5
5 4
81 45 31
16 44 17
60 73 74
31 66 26
26 61 99
2 3 1
5 1 3
3 2 5
3 4 1
5 4
76 12 94
21 81 37
15 32 99
54 5 39
95 37 9
4 1 2
5 4 2
2 1 5
1 5 4
5 5
8 14 96
27 94 74
76 54 20
2 17 4
24 23 12
4 5 3
3 2 4
1 3 5
2 1 5
4 1 2
5 3
94 28 74
14 19 93
55 57 1
55 47 21
85 86 19
4 1 2
2 1 5
5 1 3
0 0
