1 7
2 1
3 2
4 2
5 3
6 3
7 2
8 3
9 4
10 4
11 3
12 2
13 6
14 4
15 4
16 1
17 3
18 3
19 2
20 5
21 3
22 4
23 1
24 3
25 4
26 1
27 3
28 4
29 4
30 1
31 5
32 3
33 3
34 3
35 2
36 4
37 5
38 2
39 1
40 4
41 3
42 3
43 2
44 1
45 1
46 2
47 1
48 4
49 1
50 1
51 3
52 4
53 4
54 2
55 1
56 2
57 2
58 3
59 1
60 1
61 3
62 2
63 2
64 1
65 2
66 2
67 2
68 2
69 3
70 1
71 3
72 3
73 2
74 2
75 2
76 4
77 1
78 4
79 3
80 3
81 3
82 3
83 3
84 5
85 1
86 4
87 6
88 2
89 1
90 3
91 5
92 4
93 1
94 3
95 4
96 4
97 1
98 4
99 1
100 3
101 1
102 3
103 4
104 3
105 1
106 1
107 2
108 3
109 5
110 3
111 4
112 3
113 3
114 2
115 2
116 1
117 3
118 4
119 1
120 1
121 1
122 1
123 2
124 2
125 5
126 5
127 3
128 3
129 3
130 2
131 3
132 2
133 2
134 4
135 2
136 2
137 3
138 2
139 5
140 3
141 5
142 1
143 3
144 2
145 3
146 4
147 3
148 3
149 3
150 1
151 2
152 1
153 4
154 3
155 3
156 1
157 5
158 3
159 4
160 3
161 4
162 3
163 5
164 4
165 4
166 1
167 2
168 2
169 3
170 3
171 1
172 2
173 1
174 4
175 4
176 3
177 4
178 4
179 1
180 3
181 3
182 2
183 5
184 4
185 2
186 4
187 3
188 4
189 3
190 2
191 4
192 2
193 1
194 3
195 5
196 4
197 2
198 2
199 2
200 1
201 3
202 2
203 2
204 2
205 2
206 1
207 2
208 5
209 4
210 3
211 3
212 3
213 1
214 3
215 2
216 1
217 3
218 3
219 3
220 3
221 2
222 7
223 2
224 2
225 4
226 3
227 5
228 3
229 3
230 2
231 2
232 1
233 4
234 4
235 1
236 3
237 4
238 3
239 3
240 5
241 2
242 1
243 4
244 4
245 4
246 3
247 1
248 1
249 4
250 3
251 2
252 3
253 3
254 3
255 4
256 2
257 2
258 1
259 5
260 2
261 3
262 3
263 2
264 6
265 3
266 3
267 2
268 2
269 1
270 1
271 2
272 1
273 4
274 4
275 2
276 3
277 1
278 2
279 3
280 4
281 4
282 3
283 2
284 2
285 4
286 4
287 3
288 3
289 5
290 3
291 3
292 1
293 4
294 2
295 2
296 3
297 3
298 5
299 4
300 3
301 2
302 4
303 3
304 4
305 1
306 4
307 3
308 3
309 1
310 4
311 4
312 2
313 4
314 5
315 4
316 2
317 4
318 3
319 2
320 4
321 2
322 2
323 1
324 3
325 3
326 3
327 5
328 2
329 3
330 3
331 2
332 2
333 1
334 3
335 3
336 3
337 4
338 3
339 2
340 1
341 1
342 5
343 5
344 4
345 2
346 3
347 2
348 4
349 1
350 2
351 3
352 4
353 5
354 6
355 3
356 2
357 2
358 4
359 3
360 3
361 4
362 2
363 3
364 3
365 5
366 2
367 1
368 1
369 4
370 2
371 3
372 2
373 2
374 3
375 3
376 2
377 3
378 2
379 3
380 2
381 3
382 3
383 3
384 5
385 2
386 4
387 2
388 3
389 2
390 3
391 1
392 1
393 4
394 3
395 3
396 3
397 4
398 2
399 5
400 2
401 3
402 2
403 1
404 1
405 3
406 2
407 2
408 2
409 5
410 4
411 1
412 1
413 3
414 2
415 2
416 3
417 3
418 3
419 2
420 2
421 4
422 3
423 5
424 2
425 2
426 1
427 3
428 4
429 2
430 4
431 1
432 3
433 1
434 2
435 5
436 4
437 2
438 5
439 2
440 2
441 1
442 1
443 3
444 4
445 4
446 1
447 2
448 3
449 2
450 4
451 3
452 4
453 3
454 3
455 4
456 1
457 5
458 3
459 3
460 3
461 3
462 3
463 1
464 3
465 3
466 5
467 3
468 2
469 3
470 3
471 1
472 5
473 4
474 2
475 4
476 1
477 3
478 3
479 2
480 1
481 5
482 2
483 1
484 5
485 5
486 2
487 2
488 4
489 4
490 1
491 3
492 1
493 1
494 1
495 1
496 3
497 4
498 3
499 3
500 4
501 2
502 2
503 3
504 2
505 3
506 1
507 5
508 5
509 3
510 4
511 3
512 2
513 4
514 2
515 2
516 3
517 5
518 2
519 5
520 2
521 3
522 1
523 3
524 3
525 4
526 1
527 3
528 3
529 2
530 3
531 5
532 5
533 3
534 4
535 1
536 1
537 1
538 3
539 4
540 1
541 4
542 4
543 1
544 2
545 3
546 2
547 4
548 1
549 2
550 1
551 1
552 5
553 2
554 5
555 4
556 5
557 3
558 1
559 3
560 2
561 1
562 2
563 4
564 4
565 3
566 2
567 2
568 5
569 2
570 4
571 3
572 3
573 1
574 1
575 3
576 3
577 4
578 3
579 6
580 2
581 2
582 6
583 3
584 2
585 3
586 1
587 2
588 3
589 2
590 3
591 2
592 2
593 3
594 1
595 3
596 2
597 7
598 1
599 5
600 4
