183 168 4794309409406287394200206328320000
75 138 65 56 116 104 25 177 10 13 180 92 30 83 16 183 158 79 93 172 5 167 142 11 178 124 17 153 118 141 117 53 168 1 123 67 128 145 66 61 140 147 36 81 160 27 106 33 149 70 23 181 14 101 84 47 54 122 127 48 105 179 12 110 31 150 50 129 87 8 175 46 125 156 77 151 35 114 97 18 176 9 152 131 59 155 62 174 7 58 130 29 121 52 173 6 111 133 57 164 2 169 80 55 63 34 32 148 119 76 73 44 98 96 102 132 72 120 161 112 126 85 163 26 113 78 159 51 69 21 162 170 3 15 182 49 64 40 24 60 38 107 19 103 95 134 82 108 42 89 115 136 137 135 94 139 20 22 4 88 68 43 39 109 74 41 99 28
230 227 12008760
32 124 65 16 130 148 187 183 44 100 126 169 174 193 66 143 152 146 43 70 9 227 134 99 211 160 209 64 120 116 121 104 51 18 10 220 137 191 96 204 36 90 136 93 101 161 94 155 223 106 133 153 163 1 138 53 170 61 42 4 76 200 33 38 205 141 176 14 181 159 80 132 140 216 49 46 213 125 203 89 192 25 34 201 158 182 15 28 195 215 48 69 144 198 31 119 47 214 151 91 73 17 184 212 45 54 221 202 35 165 102 139 171 92 55 222 199 41 208 110 189 22 112 164 122 226 59 147 26 156 150 87 50 217 108 27 194 185 30 197 109 118 225 58 67 127 207 40 78 157 210 131 98 79 37 111 83 8 175 24 81 196 29 123 190 23 62 219 52 71 19 186 129 39 206 21 188 228 173 6 103 115 75 7 166 154 224 57 20 179 12 77 107 114 230 63 149 177 95 85 168 60 113 105 97 5 218 82 145 167 142 180 13 88 86 128 162 72 2 117 68 3 11 178 84 56 74
106 63 57816793908099957500002131310271675443371823827058682117086937231109121260000000000
41 43 2 38 17 76 70 56 105 77 64 40 29 85 6 42 3 73 7 53 54 66 45 94 57 39 1 80 63 61 98 18 55 52 89 47 49 37 14 58 16 95 60 79 84 5 34 28 23 102 25 104 106 88 9 36 11 68 103 99 87 83 4
202 51 20643865379669317012029217304488337108668218158972161061709142146599428384092922165538680650064883011937864494634724075819284003416517252943886340702043982374875018635265511543879122417202181500442146220764073737491334693894049591561180642351088143081002158080041576154212532388000000000000000000000000000000000000
141 182 106 83 172 87 195 25 197 43 144 42 36 184 147 90 99 177 89 10 163 85 159 28 176 45 193 23 57 112 33 132 72 151 50 129 171 92 44 123 133 120 148 145 59 138 175 22 101 130 61
57 53 9480240
46 36 42 37 12 3 15 47 10 5 44 25 30 22 23 1 26 49 43 9 53 16 50 13 39 2 21 4 41 7 54 17 20 57 34 31 8 45 40 48 11 24 32 52 29 14 35 33 56 19 27 18 38
89 2 8253977580454230540270247224029040892244412098248270927456760353203797539189254869013216370393800331364540191016911724000000000000000000
18 72
191 145 2297039877884061066486464950746063670568123182784519034292181827659077114093052904176079782400000000000
32 69 110 161 116 52 122 157 49 58 65 55 145 165 75 191 24 46 160 147 79 73 39 128 96 172 5 113 99 53 108 115 133 59 146 152 134 112 130 105 67 30 142 117 91 181 14 26 47 104 100 118 92 54 82 101 189 22 60 138 153 4 171 129 88 176 9 167 40 190 111 31 182 15 94 45 175 8 87 166 27 18 185 106 19 98 10 177 121 42 158 41 78 81 95 132 183 48 127 28 107 66 103 137 63 70 149 33 164 173 6 85 90 178 11 168 1 80 38 74 72 21 179 62 68 180 174 7 57 136 109 64 143 123 162 83 139 34 184 17 114 163 155 148 29
97 36 258587326048014299396091086923435856386078382822416026381048455477001208514058925737071246527046127689000000000
38 23 97 33 37 80 6 43 29 66 73 85 50 13 95 58 72 19 53 51 34 54 17 26 63 67 39 22 59 8 25 81 44 61 24 65
128 47 1491051152670039343002355096989121666582007866267886545073052039107491233444092668527020452288000443720017580921131079493033281130190107332000000000000000000
37 73 91 45 105 55 118 28 64 27 86 123 126 32 69 100 54 6 101 22 59 90 53 78 115 62 113 93 98 19 56 35 114 3 51 71 29 10 72 1 70 23 103 24 9 31 87
30 17 76449041119338556
19 26 30 3 20 10 11 28 25 29 12 21 2 23 17 15 5
199 13 633254563213006178110239161112151079289100798962148115708010703327171614756141337411275557890364874593324307585065551563805313441575975709219601276011460128022587348086875924067410364152178716642825397039685560805479348348594158263673636052747652115607130505654951055133962009011856244539115137280972133901142120033792000000000000000000000000000000000000000000000
114 121 110 90 73 158 57 128 191 177 126 45 67
43 15 46200185629031000611777012105450784000000
1 14 41 8 2 13 3 20 5 32 15 29 38 4 21
178 69 36132188424216452990032053797088498553255408743172866830255983847079875065357434201016822798022050498895403941013462520356368600056207563110438021052485217491034503113638108004872321418228520212662112000000000000000000000000000
47 158 49 21 157 116 160 75 154 5 53 104 125 52 19 24 153 74 87 130 26 101 22 129 93 73 27 106 56 135 61 175 96 59 44 155 76 39 159 66 145 29 148 88 167 3 82 119 102 43 162 83 65 144 28 107 70 112 33 173 94 86 165 54 64 67 146 72 114
224 165 1031941655351347250439127088119900279002947751179994339058459641235224928006485849339953841145812649128988309008207874331750395000000000
55 25 69 59 125 45 164 31 135 117 43 80 67 206 110 35 128 88 203 36 165 109 158 173 6 70 58 131 98 159 48 123 211 44 84 77 119 30 81 150 21 188 95 105 127 78 91 64 85 103 137 99 200 33 184 161 16 183 218 51 139 40 89 90 26 193 61 160 178 11 143 213 46 179 12 32 199 120 162 49 216 195 116 204 37 72 151 144 65 190 111 172 5 163 41 208 129 217 50 97 60 1 168 94 100 138 220 53 132 177 29 108 20 187 167 93 156 118 149 54 221 136 15 182 191 24 76 155 22 101 140 52 219 106 104 27 194 115 124 92 13 75 121 42 87 175 8 34 201 147 114 126 214 47 223 56 19 186 57 224 38 79 71 7 174
131 59 6108588254804651347277922064583390214213230123790812114544788046084583110871533281718202226368673586589535024951266056745656000000000000000000
107 89 41 66 58 57 67 102 123 22 3 52 124 21 100 94 40 119 103 24 9 98 26 63 118 90 127 14 32 69 83 46 42 79 76 113 2 70 12 35 114 77 6 43 20 71 8 16 95 74 37 59 17 92 13 129 50 36 38
82 41 14210117495228928492128332557051236735102684080243664083188696144000000000
36 16 4 76 49 75 38 28 54 26 63 9 67 52 18 57 74 56 73 1 80 6 68 42 27 29 23 12 39 50 44 7 22 78 41 71 24 70 32 45 14
6 5 6
6 3 4 5 2
139 26 238431113073391108197227305284369029516273186036258226038846954537151436710705188061836071187433274658857004348263241542077175667771661050689246289836346618634091833860183667241013365034000000000000000000000000000
68 97 6 43 85 102 28 10 95 87 104 25 55 18 35 100 137 118 7 20 94 9 70 107 111 74
132 22 99488249745800005250612068247926083196385065654074030621879115551755114112851402755728129210509230707821684744239026767157580302916009093291170584060099829138217968407330160640000000000000000000000000000
84 57 2 72 33 1 52 15 40 128 67 30 49 12 43 117 80 97 13 87 31 5
129 91 367936287100154003628939477241997181879461298825159356089221000002465000000000
68 29 123 35 119 4 19 126 104 88 51 62 47 98 105 26 125 46 34 113 109 30 23 78 103 24 94 53 12 91 17 48 85 6 95 16 21 100 58 69 32 111 116 5 84 2 83 9 40 99 25 92 13 55 101 22 27 107 28 33 112 57 114 11 44 76 1 80 49 3 71 42 121 118 54 45 124 97 18 66 10 41 120 122 31 77 38 70 129 63 67
157 65 14221709156210162056685011263350593510966230163675082175945789013220406166077910100215024106977603277717816549199480049882379067597492421128945243488137819828874013239669000000000000000000
2 124 103 107 33 154 105 126 18 30 109 5 98 87 115 39 46 92 116 147 140 155 42 121 48 11 90 72 102 65 69 148 111 153 74 29 93 25 139 60 22 101 88 82 3 40 123 44 7 4 78 67 59 15 57 73 149 49 12 135 58 137 80 134 55
125 87 89321009986052007709272069533090501788818148300387178000110170931200000000000
77 50 124 72 38 14 59 71 64 10 89 75 107 28 32 111 116 37 62 104 25 67 113 34 101 27 12 91 103 24 118 39 114 35 3 82 65 102 15 94 36 115 110 31 19 90 53 57 117 6 85 8 87 120 112 122 43 45 16 13 92 42 121 46 30 109 68 108 29 93 47 88 9 96 63 2 81 1 58 70 119 26 49 84 54 48 60
106 61 225832064204892358030868324897921040403454343871714084532768138716420013944088000000000
69 66 78 52 25 77 45 3 82 54 98 49 42 57 32 36 53 31 101 61 60 21 100 63 8 87 50 95 35 90 56 17 96 59 55 18 106 38 71 34 26 105 46 94 15 99 2 81 64 24 103 12 7 86 88 23 102 65 85 6 47
243 119 1034176789061874306344172046143657040080749233031157715090691461001781852057644078065466797000431878230313982023605221361760294094112565044533485014804765272797080093654421361350063164317545048463588123366407059557952174731161002262853283817573133439582000000000000000000000000000
40 181 94 49 167 128 223 174 32 231 84 25 68 72 57 198 125 86 27 152 236 191 58 168 1 48 129 12 63 241 227 4 171 123 134 11 138 233 154 119 124 203 5 172 213 139 242 165 130 204 89 141 62 70 228 240 82 100 26 162 111 118 187 108 29 39 206 127 95 183 16 22 189 115 90 99 135 114 169 2 234 155 35 202 142 80 220 53 132 88 87 175 8 59 226 214 47 188 30 157 113 34 210 43 140 219 18 65 180 13 145 102 195 28 19 173 217 50 33
243 33 6639290030676875225658620586433056392546674327421724054912155267070818099364170296316902034718191027581754207465922355404403278911545066230254272607688157952470120306291134437760350217762376690013085363299340245830240252925001823069114965956080777306032114219201624069258071304526239666541085947006168764069703084114893627064311381013172915233944558191453078172218933409297553016860175072000000000000000000000000000000000000000000000000000
228 226 8 218 121 204 128 136 209 172 68 31 133 114 97 131 44 42 153 159 13 161 127 212 187 150 221 184 67 183 140 103 162
114 77 17519669115303237104167189524062347264507109616039866511317671273029007315
13 92 2 3 113 59 107 53 73 42 27 111 32 74 9 62 69 8 103 24 23 102 79 56 14 93 70 76 52 50 26 38 22 7 44 30 114 35 77 40 94 57 43 6 16 95 112 1 75 49 91 12 29 63 21 100 104 25 99 83 4 41 55 96 17 31 110 36 10 89 51 97 60 39 45 64 90
246 157 7227970291605599137066784015860950250565555055502742236735333002830804325269710188859384285889983072376238017318127774690952122134735038539963539877368400216787071622638174947464029049231000000000000000000
133 137 66 233 12 207 121 105 118 161 129 32 199 50 178 238 190 184 17 87 113 162 159 125 204 22 189 126 90 182 156 94 54 221 228 203 236 84 4 38 144 100 163 216 166 170 191 34 70 112 165 98 157 234 67 155 5 19 227 229 241 74 122 206 135 47 214 83 213 46 136 242 59 226 68 115 107 183 16 95 10 177 185 106 239 160 128 91 7 244 232 65 56 223 96 88 9 79 246 80 168 1 43 210 219 52 101 158 119 45 175 8 78 245 152 110 198 31 82 73 240 2 169 28 195 57 224 58 196 117 188 21 222 55 218 154 99 243 76 153 192 25 230 164 173 6 85 111 26 193 89 200 211 109 220 92 148
25 2 7755605021665492153383028
20 3
139 115 328732143463699573078450143358484004057120004442272
66 78 104 98 50 70 19 47 117 39 139 129 17 111 30 76 10 22 101 96 113 80 55 61 115 38 114 131 43 53 88 2 52 110 62 59 37 71 108 29 42 121 5 84 112 41 136 57 106 27 20 99 130 51 16 95 24 103 128 123 44 86 7 35 65 102 23 48 133 87 8 36 64 138 119 40 45 124 74 9 3 77 126 15 94 26 105 63 118 60 46 25 13 92 6 85 1 81 91 93 134 79 11 89 68 73 116 100 122 107 109 69 32 18 83
158 24 29869279893107271262459370309001074577367124309229489995228241086904175486118069039327813709048148608758181836657128100907204182760023650899276986621374089245168620642139914235003437108622158950201143776347080893454027325057692552000000000000000000000000000
90 32 114 3 24 128 17 29 111 148 141 67 118 5 158 121 110 41 21 132 101 64 65 139
108 27 121650996504594516674092648314284817113058704419057752741525613872014939996171312950166277682026715609335029485239554234130874992000000000000000000
54 44 24 90 19 87 75 99 62 46 9 77 102 85 68 2 76 59 64 47 18 88 33 103 29 32 41
180 116 5920028614068017933235713433976207744946449689632095455926065972284062516246624988097714711667302825019223224264315473305013924392000000000
127 61 29 126 54 82 122 104 87 167 180 112 101 41 53 51 133 145 21 24 90 76 103 98 119 80 57 153 63 84 36 37 159 33 97 140 128 49 108 169 11 79 27 86 7 165 20 99 113 39 47 10 89 23 166 141 30 171 4 83 162 115 14 5 172 93 88 176 9 48 170 179 12 22 96 8 175 164 85 19 130 46 77 156 138 147 6 173 149 70 75 154 58 78 114 35 117 52 131 116 135 56 136 121 42 151 143 161 71 107 129 50 92 26 1 110
141 24 3059309611844683446626032845303101029707022603710245520304045035752196397822234999992056505405327200762037159285061778167010419693148729941400923997060590721694032320025847967338203751069786833000000000000000000000000000
96 131 103 31 36 80 102 119 5 79 130 2 99 14 49 108 114 137 126 115 41 78 10 47
58 51 1515397403520
52 12 1 51 47 9 10 53 22 2 21 40 19 32 5 29 34 17 54 50 13 25 43 6 3 20 57 39 38 4 41 31 30 58 35 15 27 56 45 8 49 24 44 7 33 26 55 18 36 14 46
183 131 1429578557787746135847770015395388057618955080179705395771927017044758869078267112569598533490866104953406000000000
100 137 131 123 106 67 38 152 54 146 111 165 63 85 22 57 59 168 98 127 81 99 95 26 114 116 144 75 122 92 142 153 132 41 154 88 87 12 27 97 167 23 33 5 172 118 181 14 93 136 58 66 32 143 64 160 169 2 49 128 121 42 47 156 166 70 141 30 55 129 102 65 28 107 8 175 96 138 101 170 3 151 11 90 159 120 83 162 157 78 36 73 43 125 46 158 139 60 40 119 130 51 6 173 7 174 171 180 13 37 91 19 35 112 10 133 44 9 176 86 45 163 15 182 34 113 108 25 56 61 148
3 3 1
1 3 2
175 145 1397191628073267627665008619412799100603141353549107144396227092358
15 156 79 17 152 166 16 64 167 94 19 117 99 147 132 106 164 12 5 143 101 88 130 169 170 3 42 27 160 139 22 115 121 10 135 131 11 51 126 55 63 45 23 116 81 82 149 144 112 33 102 136 9 97 113 28 141 36 108 118 7 174 38 77 59 138 65 25 18 107 120 41 57 20 98 61 146 93 14 89 128 49 142 86 165 100 21 26 137 58 173 6 85 154 162 95 44 73 158 134 151 114 35 53 122 43 39 150 71 76 155 111 32 161 87 175 8 48 127 69 30 109 66 145 52 13 4 171 91 163 84 31 56 50 129 103 125 46 29 159 80 34 68 153 62
160 38 901437272756697306492135218601973479600574004817197336329879001474290839820869232221601098249714021586829339933186516684301201043634055647667269182379648631436113911022860950657087071088478740836007424776414080000000000000000000000000000000
39 109 133 41 72 35 146 70 107 50 124 26 105 139 97 23 74 57 104 141 117 119 40 148 69 106 32 137 58 52 9 116 101 127 85 33 112 56
160 143 12232148856302639944034945836646400000
90 87 59 61 109 151 114 115 18 80 64 112 65 8 55 137 20 145 19 76 136 108 39 155 135 129 17 10 79 13 154 7 25 77 72 106 51 29 144 97 149 148 143 146 117 58 11 54 22 140 107 14 36 34 63 120 89 95 159 56 157 47 141 45 32 28 113 88 43 122 60 139 37 116 111 40 85 48 78 4 83 1 38 71 150 156 96 62 105 31 110 12 91 86 49 128 46 125 98 69 66 103 27 101 138 5 84 153 74 42 121 33 70 52 131 44 123 92 73 152 142 41 102 118 133 15 94 57 126 93 132 3 99 67 50 158 130 75 16 81 160 2 35
33 14 47680007349675402034478548
31 23 1 19 11 28 26 3 27 10 15 12 29 7
140 45 112537154000324481008383161510345002284428348099972153773600090084758384829972008545459052977962396263439246155042606210528074375107119927245431626018159784361003359040000000000000000000
62 60 91 79 18 49 132 51 74 57 131 19 47 126 112 38 67 104 106 41 72 109 63 1 80 31 110 102 20 99 56 135 24 11 90 127 4 83 9 55 58 70 42 121 76
211 96 22516164096606106553394774010054527106356174459536398082616804408322680438906613027650761182801591448537525014047143126302723012224418152745796064532892133460278032718855135480142165287338065890660180716261157066974046482222000000000000000000000000000
66 101 30 148 84 82 168 95 140 50 142 137 165 159 64 104 129 72 47 7 86 88 9 167 106 27 153 74 192 113 65 169 114 35 134 193 26 127 48 123 18 97 73 152 175 17 19 177 31 54 91 45 124 40 207 49 4 209 51 61 109 108 122 34 201 29 196 151 46 154 37 138 28 200 155 150 115 5 210 139 208 183 16 132 164 85 6 67 62 39 80 103 32 187 20 191
58 56 3306
9 35 29 24 27 48 46 36 3 41 19 2 39 6 22 5 58 55 54 32 40 57 20 49 34 45 8 37 10 47 25 26 52 15 21 4 38 28 16 53 23 30 11 18 51 14 7 44 56 13 50 17 33 42 31 43
162 12 25001196866009803602029995339013000012122704379000672362046930065036922752248620863271113595033372070292478092828718546468891548186528741064599733477089775442464920179480244550353192393980257543565464445617929005225044571073026057379329141293167000000000000000000000000000000000000
99 48 17 68 131 146 37 20 100 147 59 144
117 92 319167180034932551102183020092540411911561216000000
7 57 37 58 14 24 85 68 11 16 12 95 51 35 108 29 60 102 23 65 52 98 101 22 81 2 21 100 70 38 117 73 36 115 20 99 55 72 45 8 87 6 80 63 17 54 41 86 106 27 69 66 103 47 10 79 105 71 32 46 110 31 97 18 42 13 59 3 82 67 34 83 114 30 62 75 25 104 43 78 48 91 107 93 56 84 5 44 74 112 116 61
237 90 200561152196815389447720620458061655032598504092811946952858576028816628663907069312913654064218720114074030117050991033065189150700523490308042096479419117356959361337990192771376306835329010442257281042928157955477055728608236343160108171766599881414204087807030857520237085078094004939000000000000000000000000000000000000
186 71 211 73 146 74 139 216 12 100 64 151 163 5 121 111 145 135 56 203 164 85 149 70 41 120 152 46 213 102 51 42 209 40 198 202 91 170 137 230 63 154 117 80 234 86 7 118 194 115 59 48 107 8 166 87 133 22 101 183 104 112 200 33 90 95 162 21 147 10 177 6 173 108 29 187 47 131 93 30 136 185 18 65 232 114 37 122 68 235
196 136 13883745239964267027466854067949100281644494068725824463335655186016160077340195012263659042201534014537633134516510188965453000000000
52 138 93 152 23 190 133 24 62 167 18 55 102 42 194 38 15 37 158 4 159 195 111 160 97 33 41 105 46 104 94 47 59 162 134 70 140 156 71 54 61 125 180 45 48 2 67 128 64 79 148 114 127 96 175 118 89 1 168 177 10 22 189 110 75 153 74 51 107 186 181 108 187 83 86 123 44 49 179 12 91 50 129 161 170 3 85 164 150 176 142 36 115 77 21 188 53 132 60 139 122 155 137 131 56 29 196 117 172 5 35 17 184 193 26 95 183 16 7 174 92 136 57 69 11 178 143 25 192 147 68 151 73 65 145 124
15 7 259459200
5 10 2 15 14 7 6
246 198 42785128200781050993169192972888004770377354207499177399278355403925074288473235790066171764750053680166000000000
212 232 216 93 134 242 192 220 158 21 152 54 96 234 229 102 179 204 23 34 59 7 213 137 46 127 74 133 12 11 84 67 118 35 114 198 31 29 196 116 241 160 140 138 171 124 176 9 18 185 97 66 72 239 1 168 147 205 38 47 214 86 165 115 82 173 215 48 235 68 71 103 182 15 10 177 53 211 44 19 186 98 14 172 121 200 223 56 107 164 243 206 63 230 142 112 191 24 8 175 245 78 60 227 139 225 130 209 51 218 62 49 207 40 99 178 73 240 111 32 199 106 110 189 22 246 79 167 91 64 231 100 25 50 217 154 109 57 224 13 180 143 188 148 221 81 222 55 197 30 155 156 201 141 210 146 83 174 105 85 70 187 20 226 2 169 104 145 65 89 135 219 28 69 236 144 41 208 151 170 27 101 244 108 228 36 131 26 162 75 113 90 128 157 119 163 190 80
182 39 208074191329483000425816028860325096478632059552845150223698085828733057604408152151457316651521094468751096027030951362552076114996655981518312265412044855106019197050107779188034805467044869087710702380207541882090233019034665908608131352083038208000000000000000000000000000000000000
85 53 73 147 142 179 31 137 123 135 16 127 34 71 119 181 139 20 7 134 167 47 10 115 4 98 177 29 66 8 87 138 101 72 122 90 11 67 77
