171 166 165 75 138 65 56 116 104 25 177 10 13 180 92 30 83 16 183 158 79 93 143 172 5 167 142 157 100 11 178 124 17 153 118 141 117 53 168 1 123 67 128 145 66 61 140 147 36 81 160 27 154 106 33 149 70 23 181 71 14 101 84 47 54 122 127 48 105 179 12 110 31 150 50 129 87 8 175 46 125 156 77 151 35 144 114 97 18 176 9 152 131 59 155 62 174 146 7 58 130 29 121 52 37 173 6 111 133 57 164 2 169 80 91 55 63 34 32 148 119 76 73 44 98 96 102 132 86 72 120 161 112 126 85 163 26 113 78 159 51 90 69 21 162 170 3 15 182 49 64 40 24 60 38 107 19 103 95 134 82 108 42 89 115 136 137 135 94 45 139 20 22 4 88 68 43 39 109 74 41 99 28
229 172 135 32 124 65 16 130 148 187 183 44 100 126 169 174 193 66 143 152 146 43 70 9 227 134 99 211 160 209 64 120 116 121 104 51 18 10 220 137 191 96 204 36 90 136 93 101 161 94 155 223 106 133 153 163 1 138 53 170 61 42 4 76 200 33 38 205 141 176 14 181 159 80 132 140 216 49 46 213 125 203 89 192 25 34 201 158 182 15 28 195 215 48 69 144 198 31 119 47 214 151 91 73 17 184 212 45 54 221 202 35 165 102 139 171 92 55 222 199 41 208 110 189 22 112 164 122 226 59 147 26 156 150 87 50 217 108 27 194 185 30 197 109 118 225 58 67 127 207 40 78 157 210 131 98 79 37 111 83 8 175 24 81 196 29 123 190 23 62 219 52 71 19 186 129 39 206 21 188 228 173 6 103 115 75 7 166 154 224 57 20 179 12 77 107 114 230 63 149 177 95 85 168 60 113 105 97 5 218 82 145 167 142 180 13 88 86 128 162 72 2 117 68 3 11 178 84 56 74
101 100 97 96 93 65 41 43 74 2 38 17 76 12 70 56 82 105 77 90 20 19 64 32 40 29 85 81 6 42 92 22 3 73 7 53 44 54 66 45 72 94 57 39 1 80 10 78 24 27 31 91 63 61 69 98 18 55 13 52 30 89 47 59 49 75 37 14 58 86 16 95 60 79 51 84 15 5 26 46 34 28 23 35 102 25 8 104 106 88 9 50 36 11 62 68 21 103 71 99 87 67 83 48 33 4
202 201 200 199 198 196 194 156 141 78 182 65 40 106 95 178 83 18 172 87 84 134 160 195 25 126 29 128 52 103 102 69 136 109 81 113 197 43 79 73 37 154 162 144 42 150 36 184 76 147 166 98 140 39 116 41 90 1 80 21 99 26 66 124 11 187 117 9 188 177 192 56 146 51 143 189 19 86 89 49 3 30 63 2 152 54 10 105 77 4 6 70 163 118 8 169 85 168 97 27 14 91 164 159 165 108 55 20 24 174 68 180 170 183 28 47 142 185 94 186 104 176 45 64 155 193 67 23 139 57 31 7 112 15 191 33 132 72 48 149 131 12 151 50 46 115 173 137 179 96 125 114 60 129 35 17 171 107 92 190 58 100 75 153 88 74 127 44 13 161 82 123 111 5 133 120 32 62 148 145 59 167 34 38 53 138 16 175 93 71 121 181 22 157 101 110 158 122 130 135 61 119
55 51 46 36 42 37 28 12 6 3 15 47 10 5 44 25 30 22 23 1 26 49 43 9 53 16 50 13 39 2 21 4 41 7 54 17 20 57 34 31 8 45 40 48 11 24 32 52 29 14 35 33 56 19 27 18 38
89 88 87 86 85 84 83 82 81 80 19 21 70 8 24 50 7 32 52 59 47 55 56 1 58 40 61 25 62 45 2 75 60 23 66 49 67 18 63 42 74 73 37 43 79 68 4 38 15 36 76 20 41 10 39 29 65 6 54 64 5 17 14 53 48 31 71 12 51 13 26 11 69 57 34 9 16 33 78 77 35 30 3 28 46 27 22 72 44
188 156 32 44 69 110 161 116 52 122 157 49 58 65 187 55 145 119 165 75 191 125 24 56 76 20 46 160 147 79 73 39 77 128 96 172 5 113 99 53 108 115 133 25 59 146 152 134 169 112 186 35 130 105 67 30 154 142 117 97 2 91 181 170 14 26 47 104 100 118 92 93 54 82 101 189 22 60 138 153 4 171 129 88 124 43 176 9 167 3 40 71 140 190 111 144 31 16 182 15 94 84 45 135 126 175 8 23 87 166 27 18 185 106 19 141 98 10 177 50 121 42 158 41 78 81 95 132 183 48 127 28 107 66 12 103 131 13 137 36 63 70 149 33 164 173 6 85 90 178 11 37 151 168 1 150 80 38 86 159 61 74 72 21 179 62 68 180 174 102 7 57 136 109 120 64 143 123 162 83 139 34 184 17 114 163 89 155 51 148 29
96 94 93 92 91 89 46 38 3 76 64 1 23 56 75 97 33 37 80 6 43 29 70 66 32 45 74 73 85 48 90 11 9 50 13 95 28 36 5 60 7 77 58 72 19 40 78 53 2 15 69 71 51 34 4 54 49 79 57 16 17 26 12 21 10 62 63 67 39 14 22 47 20 59 88 30 87 68 82 8 55 25 83 81 27 52 44 42 84 35 61 31 24 41 18 86 65
128 127 125 124 122 121 15 37 73 91 46 88 84 45 105 55 118 48 28 111 64 40 85 13 27 86 99 123 14 97 36 80 126 68 32 61 119 69 112 100 38 110 8 54 6 16 117 116 101 96 43 20 2 22 30 59 7 52 90 65 34 67 44 66 75 53 76 78 115 42 102 60 104 77 39 62 5 106 21 113 93 98 58 19 74 92 12 56 35 114 33 3 51 4 94 50 41 71 63 29 49 82 11 81 26 17 25 10 18 72 120 57 1 95 70 108 23 107 83 103 79 24 9 109 31 89 87 47
7 6 14 18 8 19 16 26 13 30 3 24 9 27 20 10 11 4 28 25 1 29 12 21 2 23 22 17 15 5
199 198 197 196 195 168 183 19 77 30 192 166 41 178 38 76 116 68 58 5 22 108 62 3 93 24 59 106 52 47 37 84 20 129 7 75 39 104 184 147 86 156 182 141 34 113 1 8 118 130 107 134 114 121 144 56 193 170 115 66 2 51 74 13 140 23 61 28 164 171 146 132 31 112 15 110 46 105 90 73 123 21 91 87 117 159 63 81 82 125 97 49 158 120 17 179 12 188 85 99 72 57 131 127 69 133 128 40 83 9 176 139 138 44 26 174 153 142 194 180 10 48 64 100 16 143 25 60 162 102 172 148 175 191 177 135 145 53 167 36 119 55 169 54 11 173 187 94 4 126 149 111 151 70 103 136 65 33 101 6 96 45 165 161 190 160 27 185 79 109 50 80 35 89 137 181 67 189 18 157 152 186 43 95 124 163 88 154 42 98 150 92 155 78 71 29 14 122 32
43 42 40 9 1 19 14 41 10 34 35 31 8 37 26 2 17 33 13 6 3 20 36 27 24 22 39 11 23 7 5 18 25 12 32 15 29 38 16 28 4 30 21
177 47 158 121 49 21 157 1 109 116 160 84 149 75 142 154 36 5 53 113 104 125 52 166 98 19 18 24 78 153 62 74 87 130 26 101 37 13 111 22 100 95 2 85 15 69 81 129 93 136 73 77 139 42 41 27 31 34 30 106 168 132 56 7 50 46 17 135 163 61 175 127 126 45 12 38 110 120 4 96 147 58 170 59 20 44 79 91 134 68 155 76 16 39 123 71 55 97 171 23 159 66 174 131 10 145 124 29 148 133 117 108 88 92 35 172 128 167 60 11 143 3 169 82 122 8 137 115 40 119 102 43 48 162 83 6 178 25 65 152 164 161 99 105 144 151 32 28 80 107 57 103 70 176 63 112 141 14 33 118 173 90 140 94 86 165 9 156 150 54 64 67 138 146 72 114 51 89
222 215 212 209 157 55 25 69 59 125 45 164 31 135 86 117 43 80 152 67 206 110 207 35 128 88 203 36 165 109 158 173 6 70 58 131 141 98 180 14 83 73 159 39 48 123 142 211 10 44 66 84 77 82 119 30 189 81 150 192 3 21 202 74 188 95 105 127 78 91 64 169 197 145 85 103 137 99 170 205 68 200 33 63 184 161 16 183 218 51 139 40 89 90 17 26 193 196 61 160 178 11 153 143 213 46 179 12 146 32 199 120 162 49 216 195 116 166 204 37 72 96 151 144 4 65 190 111 172 5 134 163 41 208 129 217 176 102 154 50 23 171 97 60 1 18 168 94 100 138 220 53 132 177 148 29 198 108 133 20 187 2 185 167 28 93 122 156 118 149 54 113 221 136 15 182 191 24 76 155 22 101 9 140 52 219 106 181 104 27 194 115 124 92 13 75 121 42 107 87 175 8 210 34 201 147 114 126 112 214 47 223 130 56 19 186 57 224 38 79 71 62 7 174
131 130 128 126 125 122 121 120 117 116 115 112 19 106 45 29 107 89 4 96 110 41 75 65 81 34 111 66 28 5 104 58 49 57 88 67 102 123 39 22 10 61 3 47 53 52 124 21 99 100 68 94 40 119 105 73 103 44 85 24 9 98 26 63 118 90 18 127 60 14 33 25 32 69 87 109 83 72 46 42 108 79 7 54 76 113 27 23 2 1 70 12 56 35 55 15 101 78 80 51 31 48 82 91 114 77 86 6 43 84 20 62 93 71 11 8 97 16 95 74 37 59 17 92 13 129 30 50 64 36 38
82 81 79 77 72 58 36 16 48 46 4 37 13 47 43 8 64 40 3 76 49 59 21 75 38 28 33 54 26 51 34 63 9 67 20 52 62 18 61 57 35 10 65 60 74 19 56 73 1 53 80 6 68 42 25 27 29 23 31 15 5 12 69 39 50 44 7 2 17 22 78 66 55 41 71 30 24 70 32 45 14 11
6 3 4 5 2 1
139 138 136 135 134 133 132 64 81 98 109 68 89 46 128 63 97 125 72 37 6 52 21 31 24 71 115 11 43 85 32 102 26 28 84 16 10 41 3 56 95 129 73 62 110 47 44 105 1 5 77 87 123 42 91 106 69 104 17 25 60 65 55 18 51 122 48 58 33 126 13 103 49 57 35 100 82 114 127 116 80 38 86 137 4 75 118 50 30 27 12 93 7 15 99 112 53 96 20 76 90 108 92 130 22 94 39 14 45 19 54 2 119 67 8 9 131 113 88 61 70 107 111 117 78 101 40 23 124 29 120 121 66 59 79 36 34 83 74
132 131 130 129 127 126 121 84 47 6 92 16 57 115 2 64 9 122 27 50 98 72 95 96 37 88 74 60 109 69 33 44 71 19 54 1 91 86 52 51 112 15 114 59 40 61 124 56 123 55 128 93 70 67 34 78 85 35 3 90 30 75 29 21 14 49 11 4 73 39 48 89 79 68 82 62 100 22 125 102 118 106 111 12 7 8 18 94 66 43 65 77 24 41 23 83 28 117 80 104 97 32 13 113 17 45 87 26 81 46 53 63 120 119 99 116 108 38 36 76 103 110 42 107 58 20 31 10 101 25 105 5
128 127 117 115 110 108 102 79 68 61 29 123 52 35 119 4 19 81 126 104 88 51 62 47 98 105 26 125 46 43 34 86 113 109 30 23 78 103 24 74 94 53 12 91 15 17 48 85 6 95 16 93 21 100 58 89 69 32 111 116 5 84 2 83 96 9 90 87 40 99 25 92 13 55 7 101 22 27 107 56 65 14 72 28 39 33 112 59 57 114 11 44 75 76 73 1 80 49 3 71 42 64 82 121 37 118 54 106 45 124 97 18 66 10 41 120 122 31 50 36 77 38 60 20 70 129 8 63 67
157 156 152 151 150 146 145 122 85 94 129 114 63 37 2 124 103 26 107 34 33 91 144 154 83 105 45 126 53 130 13 18 118 136 30 109 106 19 8 5 98 87 115 10 39 125 46 112 92 77 116 43 147 113 140 155 42 121 62 48 117 24 32 70 21 11 90 72 17 9 36 27 28 64 102 14 38 65 119 68 69 148 132 111 153 16 74 29 93 25 66 99 79 108 96 138 139 60 22 101 88 23 50 20 82 3 86 56 141 76 127 71 40 89 123 44 95 7 4 78 67 128 59 61 131 81 6 41 97 104 35 84 1 51 75 120 15 142 57 73 100 149 47 49 12 135 58 143 137 133 31 80 134 52 55 110 54
125 123 86 77 76 50 74 124 106 72 38 14 59 71 64 80 97 10 52 89 41 75 22 4 107 51 61 28 32 111 116 95 37 62 104 25 67 21 113 34 101 27 12 91 83 79 103 100 18 24 118 73 39 7 20 114 35 3 82 65 105 102 15 98 11 40 94 36 115 110 31 19 90 44 53 55 57 17 117 6 85 23 8 87 120 112 122 43 45 16 13 92 42 121 46 30 99 109 68 108 56 29 78 93 47 88 9 96 69 63 2 81 33 1 66 58 70 119 26 49 84 54 5 48 60
104 97 92 69 5 39 79 19 76 66 78 52 25 77 45 27 3 58 82 54 98 49 42 48 13 57 32 36 53 83 31 22 101 61 60 21 100 63 8 1 87 50 33 30 95 84 35 90 43 56 17 96 59 55 73 18 41 106 38 29 71 40 93 44 34 75 68 26 105 46 37 94 14 15 99 10 9 51 2 81 64 24 103 12 70 72 7 89 86 4 88 23 102 65 67 85 62 6 47 80 74 28 16 11 91 20
243 239 238 232 40 181 94 49 178 143 161 167 128 38 196 225 223 149 222 174 51 32 164 69 186 231 84 25 54 68 45 72 57 198 125 67 83 7 86 27 23 85 152 91 14 192 116 159 236 191 10 230 79 58 168 1 48 199 197 150 129 74 182 216 24 12 63 241 78 227 4 171 123 134 133 148 11 138 233 224 154 119 124 203 179 205 5 151 172 41 66 213 139 242 165 15 201 163 130 204 89 112 141 62 77 107 3 70 228 105 101 240 71 176 136 109 82 100 26 237 56 55 126 162 111 193 211 98 118 215 37 156 187 108 93 29 104 137 9 39 110 206 127 146 209 95 183 207 17 184 153 16 22 36 189 92 106 115 170 75 90 31 99 135 20 44 114 169 2 234 166 155 6 46 212 35 202 76 121 142 80 147 220 53 229 132 88 61 87 64 175 8 59 226 160 52 120 42 214 81 96 158 47 188 30 235 157 113 34 210 43 140 218 219 190 194 131 60 117 18 103 65 180 13 145 21 185 102 208 195 28 19 173 97 221 122 177 144 217 200 73 50 33
243 242 240 11 156 89 228 32 73 226 10 217 8 26 87 149 219 46 39 137 177 14 218 233 33 152 57 157 121 132 17 241 204 231 128 202 176 225 135 94 101 136 206 105 209 172 119 106 125 41 175 173 81 188 68 220 78 6 82 54 199 108 66 31 34 168 167 83 179 19 133 12 1 190 198 58 37 72 71 141 114 146 75 216 100 45 163 102 74 160 97 60 118 96 64 239 92 223 76 148 213 29 131 3 142 59 44 222 18 189 15 42 30 197 99 155 207 116 62 192 153 86 48 61 84 25 145 123 224 5 7 186 159 16 195 85 22 235 122 211 80 171 120 20 185 113 53 170 193 13 69 181 169 40 111 130 161 158 164 234 215 115 4 9 127 90 165 212 2 95 187 194 98 104 107 201 150 110 63 138 93 214 154 38 49 65 88 147 50 134 124 56 221 70 230 237 51 203 21 55 35 23 109 36 77 24 166 227 196 184 210 126 174 229 52 129 144 67 117 139 47 43 143 151 232 191 238 178 28 183 182 180 140 103 236 112 208 27 200 91 79 205 162
109 108 106 105 101 98 88 87 86 67 13 92 2 3 46 11 113 33 59 107 53 73 48 42 27 111 32 74 5 9 58 62 69 82 8 103 28 24 81 23 71 102 79 56 14 93 34 70 76 37 52 50 26 72 85 38 66 22 7 78 44 30 114 35 19 77 40 94 57 43 61 6 15 16 95 112 1 75 54 80 49 91 12 29 65 20 63 21 100 104 25 99 47 83 4 41 55 96 17 18 84 31 110 36 10 89 51 97 60 39 45 68 64 90
237 235 231 225 217 215 212 209 208 205 181 130 133 137 81 66 77 233 12 207 121 105 174 118 108 161 129 39 32 199 141 50 178 238 190 184 151 41 17 49 87 113 162 159 125 204 69 22 189 126 90 182 156 194 94 54 139 221 228 203 27 71 236 84 4 38 179 144 100 29 163 51 216 166 60 72 170 191 34 70 143 112 165 127 63 98 13 150 157 234 67 155 5 19 227 229 18 241 74 15 122 103 93 206 135 47 149 176 14 214 83 213 46 136 242 59 226 68 97 115 167 107 183 16 61 120 95 11 134 44 10 3 177 185 106 239 160 124 128 91 142 180 7 244 116 232 65 56 104 223 96 88 36 48 9 79 246 80 168 53 1 43 197 210 219 52 101 158 201 119 45 175 171 8 78 245 30 114 152 186 64 110 33 198 31 82 73 145 35 102 138 240 2 169 28 172 195 24 57 224 58 196 20 117 188 21 222 187 55 218 132 154 99 243 76 62 42 153 75 37 192 23 140 25 230 202 164 147 40 173 6 85 111 26 146 193 89 200 211 109 220 92 131 123 148 86
25 24 23 22 21 20 19 18 17 16 15 14 12 3 13 10 11 9 7 2 4 1 6 8 5
137 135 132 127 125 120 97 90 82 75 72 67 66 78 104 98 58 56 54 50 70 49 34 33 31 19 47 117 39 139 129 17 111 30 76 21 10 22 12 101 96 113 80 55 61 115 38 114 131 43 53 88 2 52 110 62 59 28 37 71 108 29 42 121 5 84 112 41 136 57 106 27 20 99 4 130 51 16 95 24 103 128 123 44 86 7 35 65 102 23 48 133 87 8 36 64 138 119 40 45 124 74 9 3 77 126 15 94 26 105 63 118 60 46 25 13 92 6 85 1 81 91 93 134 79 11 89 68 73 116 100 122 107 109 69 32 18 83 14
157 156 90 4 58 119 1 103 52 35 56 151 124 83 143 74 97 15 123 11 32 62 53 114 134 117 95 61 99 96 25 19 3 70 138 27 2 68 80 24 18 128 154 47 94 105 140 79 72 42 87 17 57 13 116 98 112 152 81 14 86 93 77 48 29 136 104 122 111 44 73 88 148 113 153 59 141 67 28 118 60 125 108 9 84 5 69 150 34 102 20 8 82 16 158 6 71 30 120 131 100 43 121 127 130 89 51 149 50 145 115 137 37 45 7 33 144 76 63 110 10 49 66 36 85 41 106 31 21 54 26 132 55 46 78 23 129 146 142 75 39 155 92 107 101 64 126 38 147 22 12 91 109 65 133 40 139 135
108 107 106 105 104 101 100 98 97 96 58 35 20 54 23 95 92 74 60 30 21 28 44 69 1 73 94 6 11 81 24 90 17 26 16 72 13 19 42 38 78 70 87 75 10 99 36 62 45 46 56 9 77 84 79 8 39 37 22 82 102 51 27 7 66 85 68 2 91 57 14 76 34 59 64 89 3 47 52 83 65 93 18 50 86 15 63 88 61 33 25 103 49 48 40 55 29 32 12 67 4 41 53 80 71 43 31 5
178 163 127 40 61 29 126 54 82 122 104 87 91 167 177 180 112 101 152 41 53 155 51 123 44 148 133 145 62 65 21 24 32 90 2 76 103 31 98 124 45 120 119 118 80 102 57 153 63 84 36 37 159 33 144 60 97 140 128 49 137 108 169 11 28 79 59 158 27 95 86 125 139 7 165 20 157 99 113 64 17 69 150 39 34 47 106 15 13 10 89 43 23 111 166 141 72 30 18 146 171 4 83 162 68 115 14 5 172 93 134 66 88 132 94 176 174 9 48 170 179 168 25 73 109 12 74 22 96 8 175 164 67 85 19 130 105 142 55 46 77 156 138 160 147 6 16 173 149 70 75 154 58 78 114 38 35 117 52 131 3 116 135 56 136 121 42 151 143 81 161 100 71 107 129 50 92 26 1 110
141 140 139 138 136 135 134 133 132 129 51 34 96 131 75 122 52 103 8 1 118 4 20 120 16 56 27 31 93 23 12 65 35 36 80 32 111 37 6 97 125 17 107 58 85 102 119 128 5 95 44 87 79 19 48 70 13 9 88 73 113 43 94 7 92 18 83 24 72 66 26 130 105 33 2 117 3 110 30 99 60 127 90 50 82 100 45 14 123 22 101 67 64 21 49 89 59 40 108 114 137 39 28 126 112 104 98 81 116 69 29 84 57 76 91 86 42 38 62 106 46 11 68 63 124 53 61 115 71 25 109 77 15 74 41 54 121 78 55 10 47
52 48 42 37 28 23 16 12 11 1 51 47 9 10 53 22 2 21 40 19 32 5 29 34 17 54 50 13 25 43 6 3 20 57 39 38 4 41 31 30 58 35 15 27 56 45 8 49 24 44 7 33 26 55 18 36 14 46
183 179 178 177 164 161 155 150 149 147 134 100 137 131 123 68 106 67 38 105 152 117 54 146 104 77 111 165 63 85 22 126 124 57 59 168 98 127 81 99 62 95 26 114 116 144 75 122 52 29 79 92 142 17 153 132 41 154 88 87 12 4 145 27 97 167 23 33 5 24 172 118 181 14 93 136 72 58 66 32 143 64 160 94 169 2 39 49 128 121 42 47 156 166 70 20 141 30 55 129 102 65 28 53 107 8 175 96 138 101 48 170 3 151 11 16 135 90 159 120 109 83 162 157 74 78 36 71 73 43 125 46 76 158 139 60 40 119 89 1 130 51 110 6 173 7 50 174 171 180 13 37 91 19 35 112 115 10 103 133 44 9 82 18 140 21 80 176 86 45 163 31 15 182 69 84 34 113 108 25 56 61 148
1 3 2
172 168 157 148 140 78 15 156 79 67 17 152 166 40 16 64 167 94 19 117 99 147 132 106 164 60 12 90 5 143 92 101 88 130 169 170 3 42 27 160 139 22 115 121 10 135 131 96 11 51 126 55 63 45 23 116 81 82 149 144 112 33 102 136 9 97 113 28 54 141 36 108 118 2 7 174 38 77 59 70 24 83 138 65 123 25 18 107 104 120 41 57 47 20 98 61 146 93 14 89 128 49 142 86 105 165 100 21 26 137 124 58 173 6 85 154 72 110 162 75 95 44 73 158 133 134 151 114 35 53 122 43 39 150 71 76 155 111 32 161 87 175 8 48 127 69 37 30 109 66 145 52 74 13 4 171 91 119 163 1 84 31 56 50 129 103 125 46 29 159 80 34 68 153 62
160 159 156 73 143 39 49 28 149 109 150 152 133 154 41 135 78 72 35 129 80 82 146 70 19 108 134 128 107 79 110 1 25 88 50 24 124 138 26 4 86 38 45 64 105 51 132 139 95 140 97 126 23 76 20 131 74 30 16 120 17 57 104 65 3 15 141 61 55 92 47 77 99 36 89 54 115 27 117 119 84 75 29 155 103 7 62 40 147 153 100 90 93 37 118 12 148 157 18 151 2 69 46 60 11 83 102 13 114 8 21 106 96 130 113 145 111 87 32 59 137 123 98 22 67 6 44 58 14 158 136 91 52 81 63 125 68 71 9 142 144 42 122 34 116 101 121 127 85 33 31 53 112 5 94 66 56 48 43 10
147 134 127 124 119 104 100 90 87 82 68 59 61 109 151 114 115 53 30 26 24 23 21 18 80 64 112 65 9 8 55 137 20 145 19 76 136 108 39 155 135 129 17 10 79 13 154 7 25 77 72 106 51 29 144 97 149 148 143 146 117 58 11 54 22 140 107 14 36 34 63 120 89 95 159 56 157 47 141 45 32 28 113 88 43 122 60 139 37 116 111 40 85 48 78 6 4 83 1 38 71 150 156 96 62 105 31 110 12 91 86 49 128 46 125 98 69 66 103 27 101 138 5 84 153 74 42 121 33 70 52 131 44 123 92 73 152 142 41 102 118 133 15 94 57 126 93 132 3 99 67 50 158 130 75 16 81 160 2 35
25 31 23 8 1 19 14 11 28 6 20 26 3 27 10 33 32 9 2 15 24 5 18 12 22 29 21 13 7 4 17 30 16
140 139 119 62 60 5 128 137 91 95 15 79 28 107 18 68 29 71 49 33 98 25 13 66 132 51 74 124 108 57 131 59 19 12 2 88 50 111 136 47 64 134 126 112 16 38 133 125 26 39 67 104 48 84 30 106 78 100 23 118 41 115 10 72 117 86 114 109 52 63 1 6 22 116 82 80 85 31 113 81 3 101 53 110 102 45 77 20 37 99 97 96 56 87 17 27 14 32 69 105 75 135 24 65 11 61 90 127 36 92 4 130 93 89 83 9 21 55 58 54 123 70 94 8 73 44 129 40 42 138 7 120 35 122 43 121 103 76 46 34
211 206 205 92 78 66 112 101 30 148 84 94 146 156 82 136 168 144 170 202 95 140 50 142 137 199 188 79 189 165 159 64 93 111 11 14 180 104 129 72 131 47 7 110 86 88 38 116 63 9 105 167 52 128 106 166 27 153 59 74 58 76 192 107 117 2 55 44 113 190 119 198 195 33 149 162 143 65 172 169 114 35 134 69 96 89 1 25 13 98 3 193 203 135 56 26 127 48 8 53 163 123 18 97 43 41 141 73 152 175 100 22 17 19 99 177 145 60 31 71 54 91 10 133 45 124 130 40 207 49 4 209 51 90 173 61 194 36 160 57 178 171 109 184 179 42 108 125 122 147 70 204 34 201 29 83 12 174 21 196 151 46 154 186 37 75 197 138 28 200 23 181 155 150 68 115 5 210 139 102 15 208 183 16 132 164 161 85 6 81 67 62 157 39 126 80 103 182 32 185 87 176 187 120 121 158 20 191 24 118 77
12 9 35 29 24 27 48 46 36 3 41 19 2 39 6 22 5 58 55 54 32 40 57 20 49 34 45 8 37 10 47 25 26 52 15 21 4 38 28 16 53 23 30 11 18 51 14 7 44 56 13 50 17 33 42 31 43 1
158 120 80 9 74 66 129 43 82 55 25 13 118 90 53 78 51 7 79 42 4 58 76 30 117 84 149 123 26 156 27 103 32 101 137 63 99 91 49 104 15 33 48 157 21 61 10 89 2 142 77 46 119 134 88 17 155 150 154 16 64 113 112 1 68 47 57 67 19 36 114 161 128 160 8 40 140 92 71 31 12 109 95 108 34 85 107 75 86 56 94 11 162 60 122 131 28 22 83 146 133 116 102 135 132 110 138 97 126 125 115 35 141 72 24 6 37 139 70 20 18 29 38 98 106 62 105 148 145 121 93 54 69 5 153 151 100 124 50 44 23 41 52 143 147 127 45 81 65 152 3 96 59 136 130 111 159 144 87 73 39 14
113 111 96 7 57 37 58 26 90 14 24 85 28 68 11 16 12 95 51 35 108 29 60 102 23 65 52 98 92 101 22 81 2 53 21 100 70 38 117 73 36 115 20 49 99 55 72 9 45 89 8 87 6 80 63 17 54 41 86 106 77 27 88 69 15 66 103 47 10 79 64 40 105 71 32 4 46 110 31 97 19 18 42 33 13 39 59 3 82 67 34 83 76 114 30 94 62 75 25 104 43 78 48 1 91 107 93 56 84 5 109 44 74 50 112 116 61
237 236 233 231 229 228 227 226 225 224 223 186 83 71 132 211 73 201 146 172 74 188 192 45 139 144 216 169 97 12 23 100 64 204 206 151 66 31 180 163 5 121 189 28 150 111 145 135 50 143 56 203 164 78 34 85 217 129 159 149 70 157 36 193 69 41 219 38 120 125 1 99 126 140 128 210 152 46 76 19 213 176 102 51 42 209 190 130 55 161 148 40 25 198 202 91 170 153 62 43 57 32 137 230 63 220 196 154 117 212 80 234 86 92 181 7 118 54 11 194 49 115 142 59 26 218 88 48 138 184 107 8 166 156 87 110 124 133 15 171 22 101 183 77 134 104 112 35 81 116 167 141 94 200 33 90 106 95 162 52 44 207 21 75 14 197 147 222 105 10 4 72 191 39 155 9 177 6 127 178 195 173 58 108 168 205 98 29 79 119 109 53 165 187 27 47 113 82 131 175 160 93 158 89 30 136 67 185 18 215 16 65 3 214 84 208 24 232 61 114 96 182 2 37 122 60 68 174 179 103 17 20 123 221 199 235 13
191 185 182 52 138 149 93 40 120 152 23 190 31 116 133 169 24 39 62 82 167 18 20 55 102 42 194 38 15 32 37 158 4 72 159 166 135 195 173 165 111 160 97 33 88 41 105 13 46 104 94 43 112 47 28 59 162 109 134 70 140 156 71 76 54 61 125 180 45 48 2 67 128 64 79 148 114 127 81 96 119 175 118 89 1 84 168 177 10 22 14 189 110 75 153 74 51 107 186 58 181 108 187 83 86 123 44 157 49 179 98 141 12 91 87 50 113 154 129 161 170 3 85 164 150 176 142 36 30 27 115 77 21 188 53 132 60 63 139 144 122 155 137 131 121 163 56 126 9 19 29 196 117 172 34 5 35 17 184 193 106 66 26 146 80 95 183 99 16 7 174 92 136 57 69 11 103 178 143 25 192 147 78 68 151 73 101 130 65 145 171 124 100 90 8 6
13 12 11 9 8 5 10 4 3 2 15 14 7 6 1
238 237 233 212 232 216 203 202 183 93 134 166 242 192 220 158 77 21 152 42 54 125 96 234 229 102 194 179 132 181 204 92 23 34 59 7 213 137 46 39 127 74 133 3 12 11 84 67 118 43 35 114 198 31 29 4 196 116 241 160 140 45 138 171 124 120 176 9 18 185 97 66 72 159 239 150 1 168 147 205 38 47 214 86 165 115 82 173 215 48 235 68 71 117 103 193 182 15 10 136 177 6 53 211 44 19 186 98 153 14 172 121 200 223 16 56 107 164 123 243 206 63 87 230 142 61 112 76 191 24 8 175 245 78 17 60 227 139 225 58 130 209 184 51 218 62 49 207 40 99 178 73 240 111 161 32 199 106 110 189 22 246 79 167 91 64 231 100 25 50 217 129 154 109 126 57 224 13 180 143 188 5 148 221 81 222 55 197 30 155 195 156 201 141 52 94 210 146 83 174 105 88 85 70 187 20 226 2 169 104 145 65 89 135 219 28 69 236 144 41 208 151 170 27 95 101 122 244 149 108 228 36 131 26 162 75 113 37 90 128 157 33 119 163 190 80
1 32 35 143 91 42 110 85 23 118 12 131 114 53 62 180 52 170 83 63 51 38 73 147 173 106 109 74 175 5 168 132 142 149 165 158 64 94 156 76 44 136 121 111 179 31 36 125 116 137 123 145 17 2 135 68 146 86 178 182 26 112 48 16 162 150 103 163 6 93 151 59 127 37 82 54 21 34 99 71 49 133 157 41 119 65 15 181 129 27 139 60 79 20 84 96 75 7 95 33 134 172 24 164 89 167 144 154 117 81 130 88 102 80 9 47 56 171 13 161 61 69 10 160 148 128 58 3 105 18 43 115 4 30 57 152 100 98 113 107 177 22 29 39 14 124 104 155 66 19 126 78 50 8 92 176 169 120 45 25 108 166 87 46 138 174 101 72 28 122 90 11 40 70 159 140 141 97 67 55 77 153
