60
3 5

6
1 4

5
1 3

132
1 3

11
1 5

12
1 3

0
1 1

10
1 6

31164
6 28

197026
58 100

2500100001
1 1

2500049999
1 99999

9999200016
88077 88077

3416634
72857 72873

100632
1 100000

101124
1 1

24057399586696
78868 100000

192454643170720
57736 100000

100000000000000000
1 100000

1000179534040
24996 75000

31836133202304
2500 7500

3247338731130
46251 46749

126385278032540
16303 83671

217344142361500
11651 88238

5412771960669918
40138 59869

192454643170720
1 42265

96229598346784
1 21133
