99099999977207 9580645158991 31
7899999986807 2127272723699 11
99999988998900000121 57142850285028571511 7
9966830561 3986328245 5
7698999176207 744967661479 31
984149059 776873779 19
7278263000161 2347803225911 31
99998299977000391 22221822216888985 9
99669999999995724157 86660869565213664887 23
9999508809799009872919 8420638989303587302939 19
9979999999997772460000000123 2101052631578265785263157947 19
997999999999490820000000041 439119999999727569600000037 25
9598943999999900011 8532309333333155577 9
7391999999032300000001 1478399999612920000001 5
99669710957 19288974391 31
9999999998935066663100000003929603877 2258064515888563417451612904115541131 31
7698999999915311 5672210526247723 19
99999988995900000451 73333324530253333703 15
999999999769991700000001909 272727272661815890909091459 11
9999998859000007597 7999999078400006221 5
0 0 0
