96447714187499244566916213555
388932352728871372824149773
97754868539672763866435113432
996366463722461574163647785312
959698194381769322
96543337474386362162413229131
643834341712334148148957285
987684481453142174462961178165
96625881159468759469975166171
93585423812887127696227772
9949944894585159881331141
9985714388345968436753866
925251885617144751413486451
99747764212483648328332564
976739647378846216852224672541
8636351841292172274716275891
96753735633632573923584378297
989861187513354555426923285
996882637236161324119459896312
958653721677124336428122411881
94913613581629286132514285
96737737895733548315158886391
99713571915561421637882346871
99773161766154833941876277
99879259754978188558848279641
