4
-51 -26
52 -27
-12 83
-41 40
22 -80
454 552

7
-69 56
-56 30
18 -95
0 -22
39 -29
92 26
-38 76
26 -69
631 922

4
-96 -51
-52 -73
46 -6
21 -2
-35 92
480 929

3
13 79
24 -68
71 -78
48 24
153 621

6
-76 30
-21 -53
81 -51
47 -18
51 23
-26 56
-41 82
406 502

3
-40 36
-35 -66
58 -83
21 83
658 974

8
-67 -32
-29 -91
47 -95
80 -66
94 -36
4 -14
80 19
-4 26
83 5
163 613

5
6 80
18 -44
70 36
95 39
96 47
-64 34
575 800

6
-98 74
-74 -89
-69 -41
56 -49
66 -26
99 5
-66 -70
656 897

7
-7 -79
71 -88
53 -42
52 -30
51 68
2 37
-3 90
-51 74
770 936

0
