841 135 5 20
669 2
305 39
453 27
42 22
101 100
349 118
746 44
324 57
498 54
421 115
343 63
377 9
464 16
608 72
24 44
338 135
611 83
119 101
616 96
591 129
96 98
393 104
292 4
274 85
406 73

41 912 3 22
34 163
23 301
36 71
8 831
36 759
3 330
9 892
26 427
8 395
10 612
41 45
13 711
20 553
35 607
5 617
15 672
32 666
27 108
11 757
41 79
40 805
13 418
35 716
35 4
4 284

608 976 5 10
413 736
303 958
138 63
66 207
22 162
121 27
484 502
336 704
46 850
423 147
308 844
167 743
280 478
362 190
129 257

869 315 20 28
576 3
32 191
3 139
592 180
200 32
32 85
279 129
353 56
192 165
403 25
259 312
274 51
673 295
158 285
243 226
473 299
557 166
383 139
234 95
700 90
260 309
60 304
182 151
15 222
90 13
121 155
554 139
46 248
208 6
106 183
135 161
472 78
294 92
170 129
278 73
160 260
339 171
496 113
134 36
95 174
144 274
181 222
807 51
174 162
266 201
241 224
14 192
46 45

654 727 19 9
374 44
210 291
254 150
112 667
245 255
476 445
358 616
317 592
26 477
305 725
509 692
601 443
456 653
327 571
500 299
192 46
205 355
187 571
16 719
461 555
457 429
603 94
531 304
473 427
1 539
336 189
629 485
161 676

20 125 15 16
7 2
8 27
4 26
3 109
15 100
20 1
12 4
17 100
20 82
19 90
3 47
5 102
14 3
3 90
9 101
5 77
5 23
6 90
13 96
10 68
7 91
16 11
15 18
2 78
20 94
18 49
0 84
3 32
20 55
6 7
2 29

23 675 7 16
0 319
21 228
9 128
2 52
21 6
19 603
11 453
0 270
22 395
10 567
3 259
6 468
22 204
7 462
15 281
21 311
14 449
9 293
7 531
12 121
5 69
20 586
22 194

94 443 19 19
86 10
41 144
84 74
89 73
44 54
78 72
33 171
67 427
53 237
31 100
83 360
13 142
81 393
66 228
85 365
78 150
17 137
41 235
53 133
78 425
15 233
93 431
74 151
66 427
6 101
28 412
56 369
71 82
22 188
39 336
31 169
29 429
15 353
44 176
15 388
7 434
17 119
90 222

665 315 2 10
348 10
536 212
110 91
296 183
101 307
603 256
251 131
397 10
469 266
387 39
523 213
463 229

134 352 13 20
71 188
34 189
86 306
25 167
116 321
114 256
83 321
134 98
81 265
33 63
20 59
50 183
112 207
44 325
127 123
112 63
40 193
43 55
70 89
104 168
126 136
96 264
102 336
10 231
114 226
78 348
17 118
126 90
5 82
5 49
8 127
30 326
83 245

713 1000 7 18
418 421
498 612
168 249
531 476
670 766
337 561
289 225
602 684
588 798
604 889
380 117
296 678
647 22
61 558
12 552
320 900
334 461
380 414
543 121
202 64
307 83
79 246
525 130
456 792
554 418

851 671 11 21
339 341
395 101
636 651
187 446
390 462
190 650
138 361
585 190
105 51
685 126
264 202
177 1
461 258
804 120
40 525
151 42
799 412
109 444
669 373
733 84
383 273
407 138
614 619
788 262
642 627
794 354
725 59
819 234
275 161
811 135
520 612
166 38

409 137 16 6
252 3
292 127
335 53
141 20
215 13
28 112
355 75
372 82
315 87
15 62
373 35
212 29
398 55
234 1
260 80
365 16
89 90
251 133
148 54
178 77
362 109
225 28

458 940 11 9
140 684
427 919
37 348
77 105
144 500
269 716
410 474
100 336
162 14
134 180
365 587
309 483
377 631
389 488
242 752
391 607
266 737
415 691
98 156
320 786

403 526 17 5
42 160
12 362
339 339
20 154
176 368
237 513
93 368
205 405
271 392
270 35
351 291
61 377
247 437
341 2
203 139
346 160
344 260
339 296
398 409
54 4
172 478
154 179

634 184 3 8
261 127
520 161
370 54
332 49
532 90
166 40
582 54
40 90
417 139
539 117
404 161

476 657 14 19
224 55
181 255
434 578
111 615
415 55
400 524
166 252
64 539
454 146
238 10
239 493
16 384
112 429
243 413
271 602
131 560
310 620
0 23
137 13
47 47
412 372
449 29
308 265
264 35
355 13
355 280
410 596
149 444
253 565
426 350
349 481
65 390
420 350

68 624 20 19
12 584
56 283
64 219
42 534
12 58
21 445
56 84
49 9
54 19
38 145
22 95
6 545
13 14
55 286
63 521
10 574
61 33
67 130
33 128
5 529
43 204
16 197
28 157
68 96
55 300
44 233
65 388
56 306
18 21
25 257
51 623
41 421
2 86
13 31
51 386
54 7
32 365
51 51
15 285

186 204 14 18
36 34
84 167
52 68
133 43
135 201
159 105
84 153
131 101
50 29
10 181
52 128
60 118
122 161
26 179
35 136
84 15
120 196
27 3
185 139
159 53
118 161
131 71
51 159
13 25
0 24
173 169
115 84
113 95
54 199
53 197
18 27
111 15

106 482 13 4
51 314
51 119
55 473
55 447
23 2
86 253
55 250
46 83
18 261
75 63
99 38
89 157
91 310
21 158
46 361
40 257
27 328

66 816 10 28
40 549
54 541
3 47
28 581
42 447
37 162
54 448
26 136
52 113
60 617
29 261
28 716
33 183
61 551
62 267
44 509
0 505
48 676
1 71
6 3
32 354
47 690
27 730
23 540
52 498
15 577
2 490
6 629
16 446
26 298
59 152
52 682
2 727
37 629
61 814
34 157
39 312
48 675

385 644 4 13
265 315
147 533
330 106
325 421
13 169
17 396
90 60
201 545
124 577
382 300
326 536
125 491
0 320
251 41
73 466
231 162
95 195

990 472 8 8
826 304
825 117
565 448
832 251
341 290
729 37
227 145
86 306
128 306
803 225
678 447
676 66
359 126
798 201
318 217
468 5

273 680 12 10
188 624
123 633
226 50
170 153
188 349
63 623
223 551
105 592
1 609
75 541
50 496
185 179
128 502
240 628
72 473
223 443
135 670
145 188
178 612
53 208
131 222
159 311

77 244 6 22
13 225
4 222
39 240
7 42
40 115
63 194
6 203
42 188
54 49
61 183
53 122
48 1
5 186
16 185
45 47
61 117
34 119
16 181
5 82
17 120
37 213
18 47
29 129
13 96
52 179
33 125
50 191
47 134

298 642 14 30
43 37
295 137
162 131
141 400
121 631
100 496
64 417
41 476
96 525
46 64
118 36
191 557
149 96
258 386
72 230
273 506
50 135
34 475
223 15
203 23
139 585
109 46
244 30
68 555
278 223
29 124
26 357
126 103
200 168
233 48
129 422
220 379
110 437
282 610
111 349
167 208
290 212
31 145
169 289
71 252
218 249
219 292
154 515
221 154

173 225 6 19
15 96
129 166
55 87
7 80
80 48
139 219
99 88
44 14
100 205
90 150
76 133
143 139
135 8
108 49
165 89
73 150
131 96
74 195
88 137
63 111
111 221
113 88
56 92
152 43
157 167

465 175 15 11
411 68
29 94
4 169
350 40
150 74
102 91
462 167
114 157
354 113
360 43
393 120
465 43
271 90
305 49
333 101
149 80
327 103
300 83
313 154
101 115
95 90
449 16
408 78
48 78
114 107
280 94

175 885 14 14
151 867
0 824
162 490
87 528
53 150
66 442
173 24
122 419
44 4
158 239
18 126
3 733
49 689
36 811
0 212
71 885
22 193
99 408
23 370
14 354
152 444
20 824
163 738
10 346
172 365
35 528
106 40
94 605

677 862 10 30
491 651
133 365
551 651
47 4
40 463
211 147
99 626
232 660
157 174
415 193
551 823
448 491
526 658
203 394
650 275
485 449
450 790
492 143
649 152
295 288
209 86
258 616
389 53
420 273
604 509
50 370
298 762
105 807
411 27
636 611
512 58
115 519
615 166
234 756
76 271
325 632
51 273
572 318
509 587
338 702

31 146 18 15
6 89
7 83
13 7
22 89
25 27
31 26
22 64
14 14
30 145
27 41
21 46
4 63
29 100
16 103
25 76
0 74
2 28
25 105
4 146
1 89
29 76
10 63
29 82
25 44
18 142
5 122
18 118
27 62
26 90
8 49
25 145
2 43
0 97

802 634 4 18
308 287
207 470
76 190
46 565
462 468
776 504
171 243
155 270
734 136
581 263
634 200
595 329
268 592
164 551
554 449
58 584
577 548
196 584
31 172
586 351
283 623
500 152

339 329 12 30
278 288
331 208
168 157
286 111
112 168
107 99
258 326
51 251
140 152
110 299
84 46
162 266
268 210
188 308
40 198
52 304
293 54
232 244
314 285
28 74
86 73
93 278
227 166
101 89
274 68
240 229
331 200
98 96
51 73
231 40
273 189
329 217
290 175
242 325
175 174
284 281
206 270
120 275
220 303
115 105
311 136
243 123

319 282 18 26
214 241
110 29
226 206
198 259
315 149
304 92
271 100
126 234
199 280
222 226
50 13
171 123
5 275
199 187
129 211
22 209
253 63
135 229
12 126
289 200
132 152
274 2
104 189
272 91
141 159
124 262
1 31
209 179
221 251
303 58
181 155
175 207
198 136
142 156
73 247
186 7
11 34
287 7
157 112
155 193
75 95
118 167
45 278
205 139

171 408 11 26
98 37
24 247
2 361
27 233
92 138
89 102
114 182
150 315
20 1
70 12
85 391
30 303
60 359
163 188
10 351
32 147
121 44
117 48
45 46
42 403
123 250
25 130
61 342
9 170
98 73
27 0
23 324
147 26
53 258
97 284
44 137
56 171
69 198
160 52
162 323
28 168
141 296

778 64 5 11
107 13
421 56
398 5
553 36
553 56
329 62
617 58
445 36
719 48
4 30
118 60
485 0
124 6
462 60
539 57
741 25

196 909 18 27
7 27
102 874
18 123
124 249
40 804
6 241
93 634
42 766
95 240
159 659
78 65
183 440
60 166
104 733
97 512
112 384
104 719
127 733
87 615
115 854
185 854
33 321
107 36
186 310
108 149
111 743
175 495
131 556
86 343
124 873
69 167
81 784
164 638
98 724
150 616
109 677
106 384
104 319
120 377
137 467
104 497
47 610
147 904
77 501
175 268

459 756 2 7
156 321
213 215
250 513
34 241
69 721
38 50
94 210
188 238
377 228

440 806 11 23
166 237
258 3
305 473
49 244
45 675
370 535
7 571
225 221
322 10
340 16
85 130
185 458
177 591
358 581
222 356
122 6
139 560
183 279
229 693
109 426
402 556
415 372
94 571
410 677
113 374
355 611
428 420
203 226
387 280
160 288
376 356
177 429
142 661
336 64

803 692 16 27
89 356
277 88
25 494
644 499
413 24
51 282
748 320
375 538
408 560
2 10
395 662
436 86
554 444
124 598
138 341
5 546
437 141
266 273
611 55
11 349
138 447
57 6
473 52
382 413
105 59
692 639
677 173
236 375
575 179
439 204
492 636
187 375
772 689
685 610
280 234
642 8
490 342
369 33
780 673
567 630
619 488
78 640
130 13

513 962 20 22
163 904
180 445
74 766
124 351
138 606
415 318
513 735
442 99
55 833
112 792
98 38
390 957
473 787
116 133
265 30
270 94
151 756
491 822
85 549
86 16
362 292
314 605
408 108
125 879
284 719
162 141
188 608
396 946
369 860
290 595
193 424
207 274
335 906
70 580
177 51
301 447
289 542
101 887
267 841
192 823
272 929
106 779

881 198 11 5
127 6
327 181
341 193
844 168
867 39
583 162
328 88
864 45
84 43
535 65
864 45
245 194
564 108
449 10
540 59
167 69

657 514 12 10
563 68
638 240
65 486
36 304
558 386
528 312
573 295
557 501
462 156
591 308
375 332
549 415
550 414
295 166
589 147
381 171
311 498
631 462
26 294
250 103
472 498
572 494

249 152 11 27
46 132
51 116
70 54
232 146
71 102
11 116
165 141
77 12
57 107
50 118
186 16
35 87
176 21
185 140
33 78
156 151
83 57
125 63
172 48
176 4
79 123
227 49
197 136
67 52
30 52
226 134
69 40
140 97
227 140
165 11
215 18
24 75
153 147
163 63
16 101
92 149
139 138
37 52

493 130 3 25
26 124
243 124
131 69
408 53
153 57
92 75
256 121
48 122
309 17
141 52
111 29
434 42
194 110
397 75
382 43
172 3
418 99
215 50
314 130
458 45
467 5
20 91
151 107
39 75
372 66
283 36
1 4
268 34

452 746 16 24
204 593
24 223
283 740
440 594
101 266
440 503
242 509
229 697
44 278
365 441
55 425
152 428
145 499
71 455
338 148
142 535
425 74
81 70
164 454
24 565
41 290
206 282
61 306
326 424
116 417
164 21
430 365
96 484
164 280
400 603
43 504
14 195
156 548
335 181
160 117
428 404
372 458
99 134
157 175
158 745

720 739 6 8
391 32
384 105
168 499
2 319
69 111
582 529
445 282
269 133
556 576
291 586
565 52
545 408
554 361
169 48

890 274 18 10
249 262
356 160
403 16
21 98
548 182
263 175
719 133
206 0
205 79
254 273
173 217
662 94
62 269
469 236
152 125
823 237
791 214
73 239
479 261
288 100
556 177
200 72
70 81
682 73
46 108
797 20
806 203
316 158

802 157 8 11
337 38
155 105
523 87
358 125
487 126
354 108
414 122
784 143
579 14
223 10
566 75
548 94
402 143
259 19
17 55
270 72
733 12
563 39
449 48

598 927 6 3
94 816
117 144
292 486
190 803
457 525
86 827
194 602
106 421
54 799

608 34 3 24
82 28
200 1
43 24
24 29
245 30
317 3
296 11
524 27
395 22
433 5
388 28
236 5
607 22
410 2
40 16
127 1
484 27
224 12
38 30
425 10
0 24
603 20
336 0
516 9
251 7
558 34
497 4

29 226 4 14
9 47
19 123
24 35
24 116
15 178
6 0
0 152
21 76
18 55
1 9
12 153
14 63
13 122
8 164
18 53
19 182
1 62
22 208

874 195 7 13
237 100
507 21
844 167
82 38
869 187
724 64
743 120
277 169
166 31
655 39
609 118
165 165
259 11
574 89
818 86
679 64
48 107
528 72
239 19
260 69

102 304 19 18
65 116
80 62
73 270
96 12
24 211
88 171
97 120
88 124
46 129
71 160
55 77
47 208
94 100
39 286
101 275
60 36
67 10
49 38
70 188
84 164
90 171
25 217
58 163
87 16
64 11
54 148
53 21
32 236
87 145
36 303
34 202
61 260
10 248
5 196
92 29
4 90
77 266

752 753 12 17
464 478
93 612
674 406
538 204
189 411
189 47
431 728
641 28
508 340
640 544
224 721
139 483
688 351
675 175
212 338
524 225
128 473
109 717
205 715
376 295
449 561
109 289
118 382
330 349
604 357
18 601
673 629
197 135
190 499

533 548 19 2
61 470
14 447
248 371
221 80
390 327
343 479
371 391
399 164
429 535
232 179
71 454
481 425
346 526
225 391
377 31
482 5
260 331
498 1
49 358
64 75
179 426

514 17 4 24
308 0
348 17
14 8
455 7
312 14
0 2
183 7
269 9
97 12
306 15
203 4
173 2
284 7
56 15
180 10
274 9
234 15
254 12
439 3
399 11
337 0
55 10
249 5
51 16
112 9
291 2
40 4
163 15

424 432 18 10
407 349
324 410
78 37
385 388
310 253
315 16
21 268
381 35
111 285
147 18
353 277
104 166
126 418
23 345
72 124
93 361
306 396
235 309
84 412
418 280
298 343
285 259
125 245
285 20
43 223
286 138
188 354
421 7

368 190 5 13
171 115
312 142
271 136
204 157
243 120
43 130
342 128
36 96
149 182
362 61
234 65
138 135
352 167
60 142
256 131
90 34
154 72
40 154

593 265 11 30
582 161
197 69
168 185
202 124
260 81
53 41
136 175
403 124
358 54
427 17
438 157
417 42
138 212
220 174
481 199
438 130
482 6
498 121
315 133
167 172
538 9
270 140
110 107
92 259
529 264
525 21
546 104
349 92
526 82
280 106
230 72
575 83
452 222
346 191
175 79
504 89
43 79
270 151
526 191
50 88
337 95

717 555 14 9
568 280
619 350
326 503
71 509
667 163
188 3
63 419
592 25
537 220
173 265
240 146
373 432
616 165
268 94
475 246
525 186
267 190
82 142
184 41
62 75
689 426
655 13
406 401

157 53 9 17
126 33
1 29
76 50
44 30
150 51
17 36
70 6
79 9
28 9
123 9
29 2
125 11
69 21
32 13
55 24
75 29
86 19
44 32
86 27
30 25
9 41
57 45
55 8
45 20
31 34
139 15

822 243 2 26
251 124
398 75
327 134
48 48
819 102
206 210
50 115
259 240
359 117
477 179
51 233
770 101
702 115
89 136
142 194
405 57
297 180
301 163
111 180
661 202
717 27
792 242
753 217
15 130
734 37
143 16
638 235
36 79

527 407 15 11
349 334
269 160
164 66
112 119
316 331
448 403
381 199
15 39
424 23
390 385
43 323
4 129
126 303
228 212
403 344
385 9
147 39
265 128
330 87
111 114
185 196
300 121
236 290
157 324
424 271
17 161

291 532 5 23
129 33
146 464
14 108
13 494
55 515
125 92
174 446
146 192
4 65
92 141
234 89
40 450
156 73
108 509
192 37
0 204
52 260
192 25
129 443
178 360
40 473
114 270
228 440
118 429
227 12
263 216
110 399
58 352

992 471 18 20
486 327
353 312
504 384
925 173
133 14
817 189
307 291
753 52
331 176
116 196
52 63
905 312
339 460
259 268
187 293
81 41
87 447
643 49
52 341
573 29
832 276
725 261
118 48
764 299
590 254
477 62
703 429
613 99
325 264
819 352
888 260
944 105
956 439
575 96
204 412
561 248
638 94
214 458

875 667 16 14
829 522
709 219
388 394
635 485
456 407
397 15
488 484
853 92
670 602
832 544
842 368
652 422
390 490
833 0
264 181
587 629
210 31
476 311
224 391
641 179
463 255
431 481
730 6
530 284
379 550
785 648
296 190
711 548
865 188
659 582

131 174 16 20
65 38
105 163
49 49
65 100
87 128
115 77
52 148
40 118
46 48
89 43
130 151
87 63
7 133
20 100
30 147
1 15
7 174
66 160
70 7
87 94
100 159
66 32
16 86
74 170
67 140
84 30
102 111
23 148
22 67
70 92
113 65
14 71
91 159
36 164
4 111
131 34

388 54 14 6
61 2
261 31
388 9
63 43
134 30
171 34
157 20
277 8
165 4
174 10
141 32
358 48
130 8
101 16
12 36
17 19
343 3
2 34
82 18
90 26

670 94 9 11
402 8
499 10
362 76
435 12
83 39
152 87
416 43
120 84
321 55
417 71
150 64
600 0
229 74
184 74
52 38
490 37
274 23
626 68
473 64
147 28

655 392 17 23
296 177
444 219
318 87
172 0
561 218
270 284
167 159
351 188
510 352
572 292
421 83
163 267
364 57
41 375
295 359
583 360
49 63
608 222
568 226
550 357
76 357
527 106
205 378
647 265
65 173
80 246
405 304
51 107
94 225
527 235
150 296
388 380
455 152
150 234
188 57
134 133
83 370
74 172
407 241
227 310

312 976 12 29
61 153
54 105
115 494
309 382
155 524
9 537
63 6
228 666
293 224
155 757
304 889
68 282
308 126
246 755
116 810
282 272
126 729
75 620
128 648
82 172
256 819
38 265
5 553
236 171
214 480
80 348
155 119
69 404
59 249
251 798
118 697
233 534
188 296
132 911
124 78
280 778
95 30
304 163
273 55
298 158
309 223

588 538 12 30
425 394
500 388
279 303
551 216
33 369
172 311
543 402
366 89
363 498
483 185
407 153
44 58
351 339
462 162
447 519
529 255
244 221
323 388
489 5
588 142
394 131
395 204
522 81
304 73
309 453
499 143
406 450
35 110
100 423
236 165
217 506
363 267
17 82
347 399
185 379
349 309
511 352
117 312
83 499
470 202
292 320
8 349

992 33 6 29
408 9
898 10
732 28
241 33
332 20
987 7
562 24
193 26
753 4
381 33
895 17
662 1
410 5
829 23
215 11
52 0
558 16
863 1
277 11
745 3
463 33
237 14
541 24
537 16
449 8
595 15
146 28
881 11
208 20
81 33
241 13
375 12
303 26
150 0
249 30

640 971 4 4
624 471
453 143
297 269
284 401
346 506
252 55
635 600
601 942

146 729 10 17
74 208
110 285
35 335
52 378
58 91
28 123
56 121
143 108
20 279
76 256
0 100
99 514
118 290
106 67
8 728
129 335
140 599
56 110
8 152
54 88
83 498
64 401
25 94
41 428
40 138
1 390
118 363

530 65 12 14
145 30
189 61
347 64
336 20
431 44
526 20
245 7
346 16
429 9
233 52
315 3
263 58
225 6
449 30
158 23
520 9
332 60
360 53
206 50
443 26
393 48
399 28
98 5
225 42
117 10
515 36

372 286 10 16
351 48
145 215
176 195
318 200
156 49
91 135
278 92
206 35
105 122
101 209
342 74
132 225
178 212
71 174
194 259
368 224
273 210
141 212
354 109
125 99
277 226
214 231
186 206
177 187
371 6
214 189

435 392 3 15
316 252
195 364
151 52
102 331
198 249
13 230
212 89
434 100
287 102
81 280
130 79
38 249
282 103
158 60
419 390
331 313
385 33
371 116

927 294 5 26
534 84
758 225
775 147
319 270
258 173
269 104
551 222
709 96
378 75
357 269
148 203
872 134
649 49
276 33
318 106
403 293
213 208
571 239
357 170
386 286
879 273
33 264
452 218
725 236
589 276
756 288
273 202
764 180
475 43
834 122
882 163

283 574 6 2
124 137
189 425
270 21
222 150
140 84
273 565
233 118
208 190

163 348 3 17
11 234
133 238
156 9
10 81
141 48
163 165
9 347
22 98
120 239
60 248
113 113
129 263
37 47
63 131
141 343
115 101
145 236
22 140
114 77
80 298

642 901 13 22
501 319
273 785
434 687
380 385
336 52
54 618
381 295
97 210
274 871
245 517
339 209
586 213
228 577
129 854
315 90
87 688
627 158
2 34
318 590
248 1
258 293
460 502
365 642
209 264
217 425
440 288
483 841
212 892
15 301
605 353
538 369
67 454
57 795
172 885
444 891

509 535 14 19
26 265
449 153
169 181
502 458
21 212
300 330
131 72
279 503
162 194
483 96
477 372
161 331
403 78
184 178
266 49
502 458
34 217
477 307
421 37
326 310
149 497
305 264
448 6
394 186
404 76
375 477
304 48
268 361
438 153
146 54
320 497
115 124
250 170

853 299 5 5
636 178
394 230
297 257
506 138
37 73
475 53
651 287
794 114
234 104
326 78

700 356 9 16
67 182
684 82
487 287
605 220
285 71
660 71
374 47
491 151
680 261
232 7
378 69
556 215
269 151
403 93
339 333
480 97
110 89
44 194
371 273
127 240
232 216
500 185
333 17
416 193
170 2

44 783 8 10
0 511
37 64
39 531
34 414
5 281
6 445
32 608
17 198
13 406
15 154
33 479
25 211
1 287
42 643
9 173
30 74
4 429
2 343

739 720 18 9
626 153
719 707
187 181
583 311
644 223
108 39
51 479
248 81
451 276
574 348
156 291
433 247
627 518
645 572
225 7
259 662
373 547
691 348
94 77
515 593
309 37
571 469
4 209
437 130
608 412
719 633
384 249

576 42 16 27
489 36
67 29
377 40
177 35
69 34
445 26
512 40
549 16
96 16
265 42
236 6
568 14
217 37
245 21
33 25
522 11
517 23
433 31
214 22
412 30
451 13
573 12
80 12
267 15
431 41
22 17
246 31
532 27
286 5
96 4
216 13
229 34
284 23
113 40
524 42
522 19
467 30
236 38
119 16
464 1
88 36
545 36
30 3

462 260 14 25
237 207
410 211
349 139
94 165
297 111
292 28
286 20
426 197
391 109
390 156
421 91
249 119
97 50
79 203
11 214
8 193
298 83
41 249
367 226
238 71
223 202
288 233
415 47
326 195
323 61
259 249
217 42
170 129
189 83
29 219
227 120
399 62
306 61
311 112
168 192
58 224
67 133
54 239
385 218

164 943 5 15
158 34
34 98
102 735
95 369
135 449
57 406
2 289
98 915
113 265
80 90
47 440
5 88
29 80
140 828
110 647
31 832
23 821
26 144
151 434
70 240

805 142 4 28
703 24
3 123
451 62
572 1
609 53
42 137
704 12
425 35
155 72
69 11
595 33
287 135
557 131
69 44
740 57
182 45
231 59
16 22
188 111
8 46
206 125
135 12
327 21
283 37
201 50
265 123
224 4
640 52
682 13
653 135
557 50
752 3

94 438 2 28
14 351
56 342
88 34
35 101
17 129
3 133
2 35
37 84
63 114
76 32
2 329
49 129
52 291
0 269
21 193
15 219
27 35
22 241
85 212
17 117
26 293
16 348
11 431
82 429
49 65
79 62
38 293
64 67
5 307
0 69

407 55 18 10
340 40
255 0
400 44
221 20
264 14
374 30
349 39
204 6
122 11
18 5
33 49
85 34
259 38
9 33
283 23
36 12
291 0
104 39
303 40
247 7
327 33
83 10
128 45
207 27
135 25
224 6
260 21
372 6

690 459 18 10
261 24
549 273
614 282
232 430
475 291
509 99
676 109
602 451
532 231
41 231
485 188
36 266
399 72
580 371
32 222
125 193
122 349
507 46
634 69
373 205
295 375
563 430
300 297
6 349
385 21
465 191
426 60
94 218

884 598 3 20
77 341
581 512
143 44
247 259
203 151
25 556
520 285
549 133
524 522
321 64
213 122
685 594
697 246
782 495
878 92
712 162
42 281
820 555
852 476
92 350
863 221
298 148
675 370

433 339 15 26
300 144
179 116
40 283
294 144
430 242
257 224
139 154
222 305
160 153
358 286
66 137
305 229
423 218
389 212
25 283
299 213
281 256
283 32
381 81
243 129
306 66
366 135
352 171
246 202
220 85
111 211
51 109
291 88
240 11
17 138
400 250
107 137
252 247
175 81
261 329
150 25
328 305
200 205
44 314
23 171
148 227

465 758 6 3
90 639
197 741
53 676
433 622
102 643
135 72
88 362
196 3
87 45

73 804 3 14
27 241
28 211
5 735
36 775
1 97
1 136
19 429
63 774
37 539
13 8
46 582
70 737
29 705
44 601
50 524
46 403
14 421

518 460 16 17
138 237
46 395
327 409
205 420
57 265
177 266
123 161
312 256
198 368
290 153
399 100
144 71
222 65
486 128
334 322
476 267
47 312
421 353
66 111
158 83
12 438
240 98
79 418
173 300
225 189
152 9
503 267
205 442
15 370
190 452
288 405
75 332
270 140

0 0 0 0