113424.59
37275.97
593348.80
273562.91
475389.76
2408.91
15435.64
41520.68
209418.97
47046.96
712895.56
570896.52
55983.74
430459.85
211933.08
116609.70
312617.47
42311.48
37835.57
51056.70
53700.37
247868.38
467228.42
185573.41
18663.41
191139.47
38816.22
81300.37
154790.65
583401.69
4433.27
508366.73
111356.58
89799.16
69618.90
49730.11
177999.41
346964.15
354504.38
555513.53
493366.78
174400.48
337631.77
37691.17
63955.10
337046.06
532030.53
243787.59
125846.24
554323.49
20548.24
6481.12
170352.52
30891.24
566151.67
292053.14
8611.19
183095.06
69844.63
156972.00
397871.68
8219.84
199604.07
214413.84
154685.41
467105.15
583533.14
22674.66
20905.39
62913.88
256618.56
304342.97
316172.28
32588.04
621414.21
106335.19
34361.84
106295.53
170436.32
272392.90
162424.88
56632.23
578310.01
272198.83
255014.76
249104.23
34390.52
532012.46
24033.47
119970.42
154565.85
114154.82
41024.32
22313.12
316637.06
528521.00
146630.97
352447.49
58614.07
238171.44
