31156455008500822
62312562500000999
62312562562500250
62297015702750313
0
1333333333
1
5
5
5
6
6
36
2348640
2348640
9570506880
9570506880
30266272170
30266272170
9522414
9522414
2968576000
2968576000
2300466256704
2300466256704
7708680
7708680
5145670350
5145670350
73054029616932
73054029616932
0
16
568
2215432886
42
1320
5089575880
42
1290
4924341786
196
2800
9675953385
228
2376
6446080608
1064
5698
11871610580
110
1440
4924341786
770
4620
11871610580
8360
37620
11871610580
18432996624
10607893296
12475997768
18926461488
17317141176
12829142123
15023476650
17139198780
