930
3 3 3
3 4 3
3 3 3
3 3 4
3 3 5
3 3 6
3 3 7
3 3 8
3 3 9
3 3 10
3 4 3
3 4 4
3 4 5
3 4 6
3 4 7
3 4 8
3 4 9
3 4 10
3 5 3
3 5 4
3 5 5
3 5 6
3 5 7
3 5 8
3 5 9
3 5 10
3 6 3
3 6 4
3 6 5
3 6 6
3 6 7
3 6 8
3 6 9
3 6 10
3 7 3
3 7 4
3 7 5
3 7 6
3 7 7
3 7 8
3 7 9
3 7 10
3 8 3
3 8 4
3 8 5
3 8 6
3 8 7
3 8 8
3 8 9
3 8 10
3 9 3
3 9 4
3 9 5
3 9 6
3 9 7
3 9 8
3 9 9
3 9 10
3 10 3
3 10 4
3 10 5
3 10 6
3 10 7
3 10 8
3 10 9
3 10 10
4 3 3
4 3 4
4 3 5
4 3 6
4 3 7
4 3 8
4 3 9
4 3 10
4 4 3
4 4 4
4 4 5
4 4 6
4 4 7
4 4 8
4 4 9
4 4 10
4 5 3
4 5 4
4 5 5
4 5 6
4 5 7
4 5 8
4 5 9
4 5 10
4 6 3
4 6 4
4 6 5
4 6 6
4 6 7
4 6 8
4 6 9
4 6 10
4 7 3
4 7 4
4 7 5
4 7 6
4 7 7
4 7 8
4 7 9
4 7 10
4 8 3
4 8 4
4 8 5
4 8 6
4 8 7
4 8 8
4 8 9
4 8 10
4 9 3
4 9 4
4 9 5
4 9 6
4 9 7
4 9 8
4 9 9
4 9 10
4 10 3
4 10 4
4 10 5
4 10 6
4 10 7
4 10 8
4 10 9
4 10 10
5 3 3
5 3 4
5 3 5
5 3 6
5 3 7
5 3 8
5 3 9
5 3 10
5 4 3
5 4 4
5 4 5
5 4 6
5 4 7
5 4 8
5 4 9
5 4 10
5 5 3
5 5 4
5 5 5
5 5 6
5 5 7
5 5 8
5 5 9
5 5 10
5 6 3
5 6 4
5 6 5
5 6 6
5 6 7
5 6 8
5 6 9
5 6 10
5 7 3
5 7 4
5 7 5
5 7 6
5 7 7
5 7 8
5 7 9
5 7 10
5 8 3
5 8 4
5 8 5
5 8 6
5 8 7
5 8 8
5 8 9
5 8 10
5 9 3
5 9 4
5 9 5
5 9 6
5 9 7
5 9 8
5 9 9
5 9 10
5 10 3
5 10 4
5 10 5
5 10 6
5 10 7
5 10 8
5 10 9
5 10 10
6 3 3
6 3 4
6 3 5
6 3 6
6 3 7
6 3 8
6 3 9
6 3 10
6 4 3
6 4 4
6 4 5
6 4 6
6 4 7
6 4 8
6 4 9
6 4 10
6 5 3
6 5 4
6 5 5
6 5 6
6 5 7
6 5 8
6 5 9
6 5 10
6 6 3
6 6 4
6 6 5
6 6 6
6 6 7
6 6 8
6 6 9
6 6 10
6 7 3
6 7 4
6 7 5
6 7 6
6 7 7
6 7 8
6 7 9
6 7 10
6 8 3
6 8 4
6 8 5
6 8 6
6 8 7
6 8 8
6 8 9
6 8 10
6 9 3
6 9 4
6 9 5
6 9 6
6 9 7
6 9 8
6 9 9
6 9 10
6 10 3
6 10 4
6 10 5
6 10 6
6 10 7
6 10 8
6 10 9
6 10 10
7 3 3
7 3 4
7 3 5
7 3 6
7 3 7
7 3 8
7 3 9
7 3 10
7 4 3
7 4 4
7 4 5
7 4 6
7 4 7
7 4 8
7 4 9
7 4 10
7 5 3
7 5 4
7 5 5
7 5 6
7 5 7
7 5 8
7 5 9
7 5 10
7 6 3
7 6 4
7 6 5
7 6 6
7 6 7
7 6 8
7 6 9
7 6 10
7 7 3
7 7 4
7 7 5
7 7 6
7 7 7
7 7 8
7 7 9
7 7 10
7 8 3
7 8 4
7 8 5
7 8 6
7 8 7
7 8 8
7 8 9
7 8 10
7 9 3
7 9 4
7 9 5
7 9 6
7 9 7
7 9 8
7 9 9
7 9 10
7 10 3
7 10 4
7 10 5
7 10 6
7 10 7
7 10 8
7 10 9
7 10 10
8 3 3
8 3 4
8 3 5
8 3 6
8 3 7
8 3 8
8 3 9
8 3 10
8 4 3
8 4 4
8 4 5
8 4 6
8 4 7
8 4 8
8 4 9
8 4 10
8 5 3
8 5 4
8 5 5
8 5 6
8 5 7
8 5 8
8 5 9
8 5 10
8 6 3
8 6 4
8 6 5
8 6 6
8 6 7
8 6 8
8 6 9
8 6 10
8 7 3
8 7 4
8 7 5
8 7 6
8 7 7
8 7 8
8 7 9
8 7 10
8 8 3
8 8 4
8 8 5
8 8 6
8 8 7
8 8 8
8 8 9
8 8 10
8 9 3
8 9 4
8 9 5
8 9 6
8 9 7
8 9 8
8 9 9
8 9 10
8 10 3
8 10 4
8 10 5
8 10 6
8 10 7
8 10 8
8 10 9
8 10 10
9 3 3
9 3 4
9 3 5
9 3 6
9 3 7
9 3 8
9 3 9
9 3 10
9 4 3
9 4 4
9 4 5
9 4 6
9 4 7
9 4 8
9 4 9
9 4 10
9 5 3
9 5 4
9 5 5
9 5 6
9 5 7
9 5 8
9 5 9
9 5 10
9 6 3
9 6 4
9 6 5
9 6 6
9 6 7
9 6 8
9 6 9
9 6 10
9 7 3
9 7 4
9 7 5
9 7 6
9 7 7
9 7 8
9 7 9
9 7 10
9 8 3
9 8 4
9 8 5
9 8 6
9 8 7
9 8 8
9 8 9
9 8 10
9 9 3
9 9 4
9 9 5
9 9 6
9 9 7
9 9 8
9 9 9
9 9 10
9 10 3
9 10 4
9 10 5
9 10 6
9 10 7
9 10 8
9 10 9
9 10 10
10 3 3
10 3 4
10 3 5
10 3 6
10 3 7
10 3 8
10 3 9
10 3 10
10 4 3
10 4 4
10 4 5
10 4 6
10 4 7
10 4 8
10 4 9
10 4 10
10 5 3
10 5 4
10 5 5
10 5 6
10 5 7
10 5 8
10 5 9
10 5 10
10 6 3
10 6 4
10 6 5
10 6 6
10 6 7
10 6 8
10 6 9
10 6 10
10 7 3
10 7 4
10 7 5
10 7 6
10 7 7
10 7 8
10 7 9
10 7 10
10 8 3
10 8 4
10 8 5
10 8 6
10 8 7
10 8 8
10 8 9
10 8 10
10 9 3
10 9 4
10 9 5
10 9 6
10 9 7
10 9 8
10 9 9
10 9 10
10 10 3
10 10 4
10 10 5
10 10 6
10 10 7
10 10 8
10 10 9
10 10 10
3 3 3
3 3 4
3 3 5
3 3 4998
3 3 4999
3 3 5000
3 4 3
3 4 4
3 4 5
3 4 4998
3 4 4999
3 4 5000
3 5 3
3 5 4
3 5 5
3 5 4998
3 5 4999
3 5 5000
3 4998 3
3 4998 4
3 4998 5
3 4998 4998
3 4998 4999
3 4998 5000
3 4999 3
3 4999 4
3 4999 5
3 4999 4998
3 4999 4999
3 4999 5000
3 5000 3
3 5000 4
3 5000 5
3 5000 4998
3 5000 4999
3 5000 5000
4 3 3
4 3 4
4 3 5
4 3 4998
4 3 4999
4 3 5000
4 4 3
4 4 4
4 4 5
4 4 4998
4 4 4999
4 4 5000
4 5 3
4 5 4
4 5 5
4 5 4998
4 5 4999
4 5 5000
4 4998 3
4 4998 4
4 4998 5
4 4998 4998
4 4998 4999
4 4998 5000
4 4999 3
4 4999 4
4 4999 5
4 4999 4998
4 4999 4999
4 4999 5000
4 5000 3
4 5000 4
4 5000 5
4 5000 4998
4 5000 4999
4 5000 5000
5 3 3
5 3 4
5 3 5
5 3 4998
5 3 4999
5 3 5000
5 4 3
5 4 4
5 4 5
5 4 4998
5 4 4999
5 4 5000
5 5 3
5 5 4
5 5 5
5 5 4998
5 5 4999
5 5 5000
5 4998 3
5 4998 4
5 4998 5
5 4998 4998
5 4998 4999
5 4998 5000
5 4999 3
5 4999 4
5 4999 5
5 4999 4998
5 4999 4999
5 4999 5000
5 5000 3
5 5000 4
5 5000 5
5 5000 4998
5 5000 4999
5 5000 5000
4998 3 3
4998 3 4
4998 3 5
4998 3 4998
4998 3 4999
4998 3 5000
4998 4 3
4998 4 4
4998 4 5
4998 4 4998
4998 4 4999
4998 4 5000
4998 5 3
4998 5 4
4998 5 5
4998 5 4998
4998 5 4999
4998 5 5000
4998 4998 3
4998 4998 4
4998 4998 5
4998 4998 4998
4998 4998 4999
4998 4998 5000
4998 4999 3
4998 4999 4
4998 4999 5
4998 4999 4998
4998 4999 4999
4998 4999 5000
4998 5000 3
4998 5000 4
4998 5000 5
4998 5000 4998
4998 5000 4999
4998 5000 5000
4999 3 3
4999 3 4
4999 3 5
4999 3 4998
4999 3 4999
4999 3 5000
4999 4 3
4999 4 4
4999 4 5
4999 4 4998
4999 4 4999
4999 4 5000
4999 5 3
4999 5 4
4999 5 5
4999 5 4998
4999 5 4999
4999 5 5000
4999 4998 3
4999 4998 4
4999 4998 5
4999 4998 4998
4999 4998 4999
4999 4998 5000
4999 4999 3
4999 4999 4
4999 4999 5
4999 4999 4998
4999 4999 4999
4999 4999 5000
4999 5000 3
4999 5000 4
4999 5000 5
4999 5000 4998
4999 5000 4999
4999 5000 5000
5000 3 3
5000 3 4
5000 3 5
5000 3 4998
5000 3 4999
5000 3 5000
5000 4 3
5000 4 4
5000 4 5
5000 4 4998
5000 4 4999
5000 4 5000
5000 5 3
5000 5 4
5000 5 5
5000 5 4998
5000 5 4999
5000 5 5000
5000 4998 3
5000 4998 4
5000 4998 5
5000 4998 4998
5000 4998 4999
5000 4998 5000
5000 4999 3
5000 4999 4
5000 4999 5
5000 4999 4998
5000 4999 4999
5000 4999 5000
5000 5000 3
5000 5000 4
5000 5000 5
5000 5000 4998
5000 5000 4999
5000 5000 5000
3918 4669 1524
562 2261 3112
2510 3576 4694
1178 2098 2667
4039 3050 2890
1385 4222 4501
3584 821 4465
3356 3083 1178
801 4911 4820
318 3061 3622
911 826 4458
4062 810 709
3237 3175 2324
2432 1050 1180
2076 4366 4465
2231 3666 2809
2450 1022 3480
2672 26 4091
2040 2862 1588
4929 4088 970
3743 3384 820
2945 3294 3250
4417 3266 2520
4261 1475 92
2788 2749 109
1686 4542 937
2747 1157 1969
1562 3624 1147
4825 4128 4374
158 4075 484
1337 1038 2993
228 3908 2652
949 3191 4686
3659 2234 3772
495 2637 565
318 394 11
3512 4491 4582
4565 1130 3851
4423 2702 4684
3911 582 35
3418 2804 382
1260 1336 2525
540 272 2810
3509 1972 1561
978 2807 1053
2137 706 1107
181 281 418
4234 1112 4029
101 3413 575
3801 1356 2151
1640 4247 1125
1599 1264 4868
3500 909 3424
1798 2278 3032
1478 395 1070
2831 3047 1624
3646 1670 2209
1589 552 4967
1017 4513 46
700 4847 4780
6 3306 4026
3506 1327 1121
4878 3012 3765
2681 4982 4742
409 3488 1575
2401 2542 800
791 1475 1446
683 812 3174
1013 4141 433
2732 2837 268
2311 994 4160
485 4442 51
3974 4422 157
1197 2201 427
4805 3398 4911
1065 3206 3733
1558 4636 2791
3904 944 232
4464 4328 3114
2825 3553 3523
3617 3413 3103
4802 3017 4196
1018 883 3222
4630 3129 1565
4553 1436 2911
4416 1835 2987
1379 2198 2749
2264 3689 4889
2860 4253 2015
4817 8 498
4911 3700 2912
1802 2294 829
2121 570 351
2244 787 2303
2817 2253 2051
4456 1163 837
2334 1967 2895
1967 2920 1781
2698 3099 1690
1444 1234 3138
4990 4932 59
4977 4953 94
4918 78 40
4941 4954 4971
72 4920 4949
4995 85 4990
93 60 4968
61 4932 56
77 49 4951
66 70 11
4994 53 28
4962 4989 4905
4 102 88
85 98 4999
100 8 4905
4936 10 4935
4918 12 4964
29 28 4949
4949 58 60
4993 10 62
32 4951 4994
4911 20 4972
4937 4984 4967
21 4 62
66 4931 64
41 23 4937
39 101 4905
65 4999 7
7 55 4993
13 4982 4973
4911 4912 4931
72 14 75
4968 4 34
4961 38 87
75 4907 60
88 4931 4945
4925 4967 4968
4976 10 4978
74 22 32
4925 4958 58
80 53 70
4901 89 12
11 4983 4955
4951 4973 4910
4941 76 59
4980 65 95
4999 4962 75
33 92 4913
4923 4934 12
54 4948 4994
4942 4936 4977
4951 4943 4998
89 4977 4976
58 47 92
14 4957 4943
4942 63 4964
47 4934 4935
53 29 93
4978 87 48
16 27 4983
4926 35 4950
4953 25 37
4925 10 4944
72 4923 53
4971 4909 62
4967 4994 4967
63 28 32
98 4 66
47 4915 66
40 26 4961
101 42 4946
4951 4918 4933
11 102 76
47 4940 21
4902 4902 4936
59 59 4940
4939 43 31
4944 4961 4949
93 4954 4973
4920 59 99
4941 83 75
50 4953 84
4990 95 63
4909 82 78
4949 25 4992
18 4995 16
4920 4924 4943
81 4944 30
39 4945 4970
4923 4968 8
4979 47 80
75 4937 4909
4909 4995 4917
4942 32 89
65 54 4921
4959 4975 4934
87 76 4923
68 4904 4958
4931 4960 42
76 78 61
